{
 "cells": [
  {
   "cell_type": "code",
   "execution_count": 1,
   "metadata": {},
   "outputs": [],
   "source": [
    "%matplotlib widget"
   ]
  },
  {
   "cell_type": "code",
   "execution_count": 2,
   "metadata": {},
   "outputs": [],
   "source": [
    "import numpy as np\n",
    "import pandas as pd\n",
    "import matplotlib.pyplot as plt\n",
    "import seaborn as sns\n",
    "from pathlib import Path\n",
    "import sys\n",
    "\n",
    "from PfyMU.gait.train_classifier.core import load_datasets"
   ]
  },
  {
   "cell_type": "code",
   "execution_count": 3,
   "metadata": {},
   "outputs": [],
   "source": [
    "gait_sets_path = Path('/Users/adamol/Documents/Datasets/gait/processed')\n",
    "\n",
    "datasets = [\n",
    "    gait_sets_path / 'bluesky2',\n",
    "    gait_sets_path / 'daliac',\n",
    "    gait_sets_path / 'ltmm',\n",
    "    gait_sets_path / 'usc-had'\n",
    "]\n",
    "\n",
    "X, Y, subjects, activities = load_datasets(datasets, goal_fs=50.0, acc_mag=True, window_length=3.0, window_step=[0.75, 0.25])"
   ]
  },
  {
   "cell_type": "markdown",
   "metadata": {},
   "source": [
    "## Dataset class summary"
   ]
  },
  {
   "cell_type": "code",
   "execution_count": 4,
   "metadata": {},
   "outputs": [
    {
     "name": "stdout",
     "output_type": "stream",
     "text": [
      "Total samples (3.0s windows):  74926\n",
      "Total walking samples:  29963\n",
      "Total non-walking samples:  44963 \n",
      "\n",
      "% walking samples: 39.99\n"
     ]
    }
   ],
   "source": [
    "print('Total samples (3.0s windows): ', Y.size)\n",
    "print('Total walking samples: ', Y.sum())\n",
    "print('Total non-walking samples: ', Y.size - Y.sum(), '\\n')\n",
    "print(f'% walking samples: {Y.sum() / Y.size * 100:.2f}')"
   ]
  },
  {
   "cell_type": "markdown",
   "metadata": {},
   "source": [
    "## Feature Generation"
   ]
  },
  {
   "cell_type": "code",
   "execution_count": 5,
   "metadata": {},
   "outputs": [],
   "source": [
    "from PfyMU.features import *"
   ]
  },
  {
   "cell_type": "code",
   "execution_count": 6,
   "metadata": {},
   "outputs": [],
   "source": [
    "FB = Bank(window_length=None, window_step=None)\n",
    "\n",
    "# add features\n",
    "FB + Mean()\n",
    "FB + MeanCrossRate()\n",
    "FB + StdDev()\n",
    "FB + Skewness()\n",
    "FB + Kurtosis()\n",
    "FB + Range()\n",
    "FB + IQR()\n",
    "FB + RMS()\n",
    "FB + Autocorrelation(lag=1, normalize=True)\n",
    "FB + LinearSlope()\n",
    "FB + SignalEntropy()\n",
    "FB + SampleEntropy(m=4, r=1.0)\n",
    "FB + PermutationEntropy(order=3, delay=1, normalize=True)\n",
    "FB + ComplexityInvariantDistance(normalize=True)\n",
    "FB + RangeCountPercentage(range_min=0, range_max=1.0)\n",
    "FB + RatioBeyondRSigma(r=2.0)\n",
    "FB + JerkMetric(normalize=True)\n",
    "FB + DimensionlessJerk(log=True, signal_type='acceleration')\n",
    "FB + SPARC()\n",
    "FB + DominantFrequency(low_cutoff=0.25, high_cutoff=5.0)\n",
    "FB + DominantFrequencyValue(low_cutoff=0.25, high_cutoff=5.0)\n",
    "FB + PowerSpectralSum(low_cutoff=0.25, high_cutoff=5.0)\n",
    "FB + SpectralFlatness(low_cutoff=0.25, high_cutoff=5.0)\n",
    "FB + SpectralEntropy(low_cutoff=0.25, high_cutoff=5.0)\n",
    "FB + DetailPower(wavelet='coif4', freq_band=[1.0, 3.0])\n",
    "FB + DetailPowerRatio(wavelet='coif4', freq_band=[1.0, 3.0])"
   ]
  },
  {
   "cell_type": "code",
   "execution_count": 7,
   "metadata": {},
   "outputs": [
    {
     "name": "stderr",
     "output_type": "stream",
     "text": [
      "/Users/adamol/opt/miniconda3/envs/pfymu/lib/python3.8/site-packages/pywt/_multilevel.py:43: UserWarning: Level value of 6 is too high: all coefficients will experience boundary effects.\n",
      "  warnings.warn(\n"
     ]
    }
   ],
   "source": [
    "X_feat = FB.compute(X, fs=50.0, windowed=True)"
   ]
  },
  {
   "cell_type": "markdown",
   "metadata": {},
   "source": [
    "## Feature Exploration"
   ]
  },
  {
   "cell_type": "code",
   "execution_count": 8,
   "metadata": {},
   "outputs": [],
   "source": [
    "feats = pd.DataFrame(\n",
    "    index=range(X_feat.shape[0]), \n",
    "#     columns=['Subject', 'Activity', 'Label'] + [i.parent._name for i in FB._feat_list],\n",
    "    columns=['Label'] + [i.parent._name for i in FB._feat_list],\n",
    "    dtype='float'\n",
    ")\n",
    "# feats['Subject'] = feats.Subject.astype('str')\n",
    "# feats['Activity'] = feats.Activity.astype('str')\n",
    "\n",
    "feats.iloc[:, 1:] = X_feat\n",
    "feats['Label'] = Y\n",
    "feats['Label'] = feats.Label.astype('int')\n",
    "# feats['Subject'] = subjects\n",
    "# feats['Activity'] = activities\n",
    "\n",
    "feat_names = [i.parent._name for i in FB._feat_list]"
   ]
  },
  {
   "cell_type": "markdown",
   "metadata": {},
   "source": [
    "### Feature distributions"
   ]
  },
  {
   "cell_type": "code",
   "execution_count": 9,
   "metadata": {},
   "outputs": [
    {
     "data": {
      "application/vnd.jupyter.widget-view+json": {
       "model_id": "3551b6afa9ba4167817550fe5ef7174f",
       "version_major": 2,
       "version_minor": 0
      },
      "text/plain": [
       "Canvas(toolbar=Toolbar(toolitems=[('Home', 'Reset original view', 'home', 'home'), ('Back', 'Back to previous …"
      ]
     },
     "metadata": {},
     "output_type": "display_data"
    }
   ],
   "source": [
    "plt.close('all')\n",
    "\n",
    "f, ax = plt.subplots(nrows=7, ncols=4, figsize=(10, 10), sharex=True)\n",
    "\n",
    "j, k = 0, 0\n",
    "for i, ft in enumerate([i.parent._name for i in FB._feat_list]):\n",
    "    if k > 3:\n",
    "        j += 1\n",
    "        k  = 0\n",
    "    sns.violinplot(x='Label', y=ft, data=feats, ax=ax[j, k])\n",
    "    ax[j, k].set_ylabel(None)\n",
    "    ax[j, k].set_title(ft)\n",
    "    ax[j, k].set_xlabel(None)\n",
    "    \n",
    "    k += 1\n",
    "\n",
    "for k in range(4):\n",
    "    ax[-1, k].set_xticklabel(['NG', 'G'])\n",
    "\n",
    "f.tight_layout()"
   ]
  },
  {
   "cell_type": "markdown",
   "metadata": {},
   "source": [
    "### Predictive Power Score"
   ]
  },
  {
   "cell_type": "code",
   "execution_count": 10,
   "metadata": {},
   "outputs": [],
   "source": [
    "import ppscore"
   ]
  },
  {
   "cell_type": "code",
   "execution_count": 11,
   "metadata": {},
   "outputs": [
    {
     "data": {
      "application/vnd.jupyter.widget-view+json": {
       "model_id": "986dd759c9604debb74d62b364c7b7b5",
       "version_major": 2,
       "version_minor": 0
      },
      "text/plain": [
       "Canvas(toolbar=Toolbar(toolitems=[('Home', 'Reset original view', 'home', 'home'), ('Back', 'Back to previous …"
      ]
     },
     "metadata": {},
     "output_type": "display_data"
    }
   ],
   "source": [
    "df_predictors = ppscore.predictors(feats, 'Label', output='df')\n",
    "plt.figure()\n",
    "ax = sns.barplot(data=df_predictors, x=\"x\", y=\"ppscore\")\n",
    "ax.set_xticklabels(ax.get_xticklabels(), rotation=45, ha=\"right\")\n",
    "plt.tight_layout()"
   ]
  },
  {
   "cell_type": "code",
   "execution_count": 12,
   "metadata": {},
   "outputs": [],
   "source": [
    "pps_matrix = ppscore.matrix(feats)"
   ]
  },
  {
   "cell_type": "code",
   "execution_count": 13,
   "metadata": {},
   "outputs": [
    {
     "data": {
      "application/vnd.jupyter.widget-view+json": {
       "model_id": "1a481b996e6f44a69ad3e64cef288b6f",
       "version_major": 2,
       "version_minor": 0
      },
      "text/plain": [
       "Canvas(toolbar=Toolbar(toolitems=[('Home', 'Reset original view', 'home', 'home'), ('Back', 'Back to previous …"
      ]
     },
     "metadata": {},
     "output_type": "display_data"
    }
   ],
   "source": [
    "plt.figure(figsize=(15, 10))\n",
    "sns.heatmap(pps_matrix, vmin=0, vmax=1, cmap=\"Blues\", linewidths=0.5, annot=True)\n",
    "plt.tight_layout()\n",
    "# plt.savefig('PPScore_matrix.pdf')"
   ]
  },
  {
   "cell_type": "code",
   "execution_count": 14,
   "metadata": {},
   "outputs": [],
   "source": [
    "from sklearn.decomposition import PCA"
   ]
  },
  {
   "cell_type": "code",
   "execution_count": 15,
   "metadata": {},
   "outputs": [
    {
     "data": {
      "text/html": [
       "<div>\n",
       "<style scoped>\n",
       "    .dataframe tbody tr th:only-of-type {\n",
       "        vertical-align: middle;\n",
       "    }\n",
       "\n",
       "    .dataframe tbody tr th {\n",
       "        vertical-align: top;\n",
       "    }\n",
       "\n",
       "    .dataframe thead th {\n",
       "        text-align: right;\n",
       "    }\n",
       "</style>\n",
       "<table border=\"1\" class=\"dataframe\">\n",
       "  <thead>\n",
       "    <tr style=\"text-align: right;\">\n",
       "      <th></th>\n",
       "      <th>PC 1</th>\n",
       "      <th>PC 2</th>\n",
       "      <th>PC 3</th>\n",
       "      <th>PC 4</th>\n",
       "      <th>PC 5</th>\n",
       "      <th>Labels</th>\n",
       "    </tr>\n",
       "  </thead>\n",
       "  <tbody>\n",
       "    <tr>\n",
       "      <th>0</th>\n",
       "      <td>-38232.164182</td>\n",
       "      <td>12.399450</td>\n",
       "      <td>-4.241343</td>\n",
       "      <td>-2.147787</td>\n",
       "      <td>-2.734444</td>\n",
       "      <td>1</td>\n",
       "    </tr>\n",
       "    <tr>\n",
       "      <th>1</th>\n",
       "      <td>-32739.939638</td>\n",
       "      <td>10.931861</td>\n",
       "      <td>-4.097475</td>\n",
       "      <td>-2.143795</td>\n",
       "      <td>-2.413203</td>\n",
       "      <td>1</td>\n",
       "    </tr>\n",
       "  </tbody>\n",
       "</table>\n",
       "</div>"
      ],
      "text/plain": [
       "           PC 1       PC 2      PC 3      PC 4      PC 5  Labels\n",
       "0 -38232.164182  12.399450 -4.241343 -2.147787 -2.734444       1\n",
       "1 -32739.939638  10.931861 -4.097475 -2.143795 -2.413203       1"
      ]
     },
     "execution_count": 15,
     "metadata": {},
     "output_type": "execute_result"
    }
   ],
   "source": [
    "pca = PCA(n_components=5)\n",
    "x_pca = pca.fit_transform(feats)\n",
    "df_pca = pd.DataFrame(x_pca, columns=[f'PC {i+1}' for i in range(x_pca.shape[1])])\n",
    "df_pca['Label'] = Y\n",
    "df_pca.head(2)"
   ]
  },
  {
   "cell_type": "code",
   "execution_count": 16,
   "metadata": {},
   "outputs": [
    {
     "data": {
      "application/vnd.jupyter.widget-view+json": {
       "model_id": "c3b4149322b3405b8a0c3bdc794500f3",
       "version_major": 2,
       "version_minor": 0
      },
      "text/plain": [
       "Canvas(toolbar=Toolbar(toolitems=[('Home', 'Reset original view', 'home', 'home'), ('Back', 'Back to previous …"
      ]
     },
     "metadata": {},
     "output_type": "display_data"
    },
    {
     "data": {
      "text/plain": [
       "<seaborn.axisgrid.PairGrid at 0x7f94cf775340>"
      ]
     },
     "execution_count": 16,
     "metadata": {},
     "output_type": "execute_result"
    }
   ],
   "source": [
    "sns.pairplot(df_pca, hue='Label')"
   ]
  },
  {
   "cell_type": "code",
   "execution_count": 17,
   "metadata": {},
   "outputs": [],
   "source": [
    "from separation_stats import db_2class, corr_select, cohen_d, ttest_select, mwu_select, auc_score"
   ]
  },
  {
   "cell_type": "code",
   "execution_count": 18,
   "metadata": {},
   "outputs": [],
   "source": [
    "sep_df = pd.DataFrame()\n",
    "sep_df['Feature'] = feat_names\n",
    "\n",
    "sep_df['DBI'], db_rank = db_2class(X_feat, Y)\n",
    "sep_df['Correlation r'] = corr_select(X_feat, Y)\n",
    "sep_df['T-test p'], sep_df['Cohens d'] = ttest_select(X_feat, Y)\n",
    "sep_df['MWU-test p'], _ = mwu_select(X_feat, Y)\n",
    "sep_df['AUC'] = auc_score(X_feat, Y)\n",
    "\n",
    "sep_df['Cohens d'] = sep_df['Cohens d'].abs()\n",
    "sep_df['AUC'] = sep_df['AUC'].apply(lambda i: 1 - i if i < 0.5 else i)"
   ]
  },
  {
   "cell_type": "code",
   "execution_count": 19,
   "metadata": {},
   "outputs": [
    {
     "data": {
      "text/html": [
       "<div>\n",
       "<style scoped>\n",
       "    .dataframe tbody tr th:only-of-type {\n",
       "        vertical-align: middle;\n",
       "    }\n",
       "\n",
       "    .dataframe tbody tr th {\n",
       "        vertical-align: top;\n",
       "    }\n",
       "\n",
       "    .dataframe thead th {\n",
       "        text-align: right;\n",
       "    }\n",
       "</style>\n",
       "<table border=\"1\" class=\"dataframe\">\n",
       "  <thead>\n",
       "    <tr style=\"text-align: right;\">\n",
       "      <th></th>\n",
       "      <th>Feature</th>\n",
       "      <th>DBI</th>\n",
       "      <th>Correlation r</th>\n",
       "      <th>T-test p</th>\n",
       "      <th>Cohens d</th>\n",
       "      <th>MWU-test p</th>\n",
       "      <th>AUC</th>\n",
       "    </tr>\n",
       "  </thead>\n",
       "  <tbody>\n",
       "    <tr>\n",
       "      <th>17</th>\n",
       "      <td>DimensionlessJerk</td>\n",
       "      <td>0.673338</td>\n",
       "      <td>-0.702958</td>\n",
       "      <td>0.000000e+00</td>\n",
       "      <td>2.017554</td>\n",
       "      <td>0.000000</td>\n",
       "      <td>0.899899</td>\n",
       "    </tr>\n",
       "    <tr>\n",
       "      <th>21</th>\n",
       "      <td>PowerSpectralSum</td>\n",
       "      <td>0.732475</td>\n",
       "      <td>-0.712638</td>\n",
       "      <td>0.000000e+00</td>\n",
       "      <td>2.073614</td>\n",
       "      <td>0.000000</td>\n",
       "      <td>0.922449</td>\n",
       "    </tr>\n",
       "    <tr>\n",
       "      <th>20</th>\n",
       "      <td>DominantFrequencyValue</td>\n",
       "      <td>0.751890</td>\n",
       "      <td>-0.639074</td>\n",
       "      <td>0.000000e+00</td>\n",
       "      <td>1.696093</td>\n",
       "      <td>0.000000</td>\n",
       "      <td>0.896066</td>\n",
       "    </tr>\n",
       "    <tr>\n",
       "      <th>1</th>\n",
       "      <td>MeanCrossRate</td>\n",
       "      <td>0.855725</td>\n",
       "      <td>-0.660950</td>\n",
       "      <td>0.000000e+00</td>\n",
       "      <td>1.797896</td>\n",
       "      <td>0.000000</td>\n",
       "      <td>0.899231</td>\n",
       "    </tr>\n",
       "    <tr>\n",
       "      <th>12</th>\n",
       "      <td>PermutationEntropy</td>\n",
       "      <td>0.910431</td>\n",
       "      <td>-0.687836</td>\n",
       "      <td>0.000000e+00</td>\n",
       "      <td>1.934348</td>\n",
       "      <td>0.000000</td>\n",
       "      <td>0.916319</td>\n",
       "    </tr>\n",
       "    <tr>\n",
       "      <th>19</th>\n",
       "      <td>DominantFrequency</td>\n",
       "      <td>0.982553</td>\n",
       "      <td>0.453590</td>\n",
       "      <td>0.000000e+00</td>\n",
       "      <td>1.038939</td>\n",
       "      <td>0.000000</td>\n",
       "      <td>0.746459</td>\n",
       "    </tr>\n",
       "    <tr>\n",
       "      <th>23</th>\n",
       "      <td>SpectralEntropy</td>\n",
       "      <td>1.018023</td>\n",
       "      <td>0.618297</td>\n",
       "      <td>0.000000e+00</td>\n",
       "      <td>1.605876</td>\n",
       "      <td>0.000000</td>\n",
       "      <td>0.880043</td>\n",
       "    </tr>\n",
       "    <tr>\n",
       "      <th>13</th>\n",
       "      <td>ComplexityInvariantDistance</td>\n",
       "      <td>1.080857</td>\n",
       "      <td>-0.612623</td>\n",
       "      <td>0.000000e+00</td>\n",
       "      <td>1.582218</td>\n",
       "      <td>0.000000</td>\n",
       "      <td>0.873708</td>\n",
       "    </tr>\n",
       "    <tr>\n",
       "      <th>14</th>\n",
       "      <td>RangeCountPercentage</td>\n",
       "      <td>1.094363</td>\n",
       "      <td>0.489803</td>\n",
       "      <td>0.000000e+00</td>\n",
       "      <td>1.146818</td>\n",
       "      <td>0.000000</td>\n",
       "      <td>0.785757</td>\n",
       "    </tr>\n",
       "    <tr>\n",
       "      <th>8</th>\n",
       "      <td>Autocorrelation</td>\n",
       "      <td>1.215009</td>\n",
       "      <td>0.581898</td>\n",
       "      <td>0.000000e+00</td>\n",
       "      <td>1.460573</td>\n",
       "      <td>0.000000</td>\n",
       "      <td>0.873879</td>\n",
       "    </tr>\n",
       "    <tr>\n",
       "      <th>22</th>\n",
       "      <td>SpectralFlatness</td>\n",
       "      <td>1.279721</td>\n",
       "      <td>0.480806</td>\n",
       "      <td>0.000000e+00</td>\n",
       "      <td>1.119340</td>\n",
       "      <td>0.000000</td>\n",
       "      <td>0.802049</td>\n",
       "    </tr>\n",
       "    <tr>\n",
       "      <th>7</th>\n",
       "      <td>RMS</td>\n",
       "      <td>1.342349</td>\n",
       "      <td>0.365138</td>\n",
       "      <td>0.000000e+00</td>\n",
       "      <td>0.800636</td>\n",
       "      <td>0.000000</td>\n",
       "      <td>0.898253</td>\n",
       "    </tr>\n",
       "    <tr>\n",
       "      <th>2</th>\n",
       "      <td>StdDev</td>\n",
       "      <td>1.342349</td>\n",
       "      <td>0.365138</td>\n",
       "      <td>0.000000e+00</td>\n",
       "      <td>0.800636</td>\n",
       "      <td>0.000000</td>\n",
       "      <td>0.898253</td>\n",
       "    </tr>\n",
       "    <tr>\n",
       "      <th>6</th>\n",
       "      <td>IQR</td>\n",
       "      <td>1.345826</td>\n",
       "      <td>0.418591</td>\n",
       "      <td>0.000000e+00</td>\n",
       "      <td>0.940863</td>\n",
       "      <td>0.000000</td>\n",
       "      <td>0.902881</td>\n",
       "    </tr>\n",
       "    <tr>\n",
       "      <th>5</th>\n",
       "      <td>Range</td>\n",
       "      <td>1.425392</td>\n",
       "      <td>0.362388</td>\n",
       "      <td>0.000000e+00</td>\n",
       "      <td>0.793692</td>\n",
       "      <td>0.000000</td>\n",
       "      <td>0.893119</td>\n",
       "    </tr>\n",
       "    <tr>\n",
       "      <th>16</th>\n",
       "      <td>JerkMetric</td>\n",
       "      <td>1.460917</td>\n",
       "      <td>0.405330</td>\n",
       "      <td>0.000000e+00</td>\n",
       "      <td>0.905081</td>\n",
       "      <td>0.000000</td>\n",
       "      <td>0.899899</td>\n",
       "    </tr>\n",
       "    <tr>\n",
       "      <th>18</th>\n",
       "      <td>SPARC</td>\n",
       "      <td>1.694753</td>\n",
       "      <td>-0.343730</td>\n",
       "      <td>0.000000e+00</td>\n",
       "      <td>0.747183</td>\n",
       "      <td>0.000000</td>\n",
       "      <td>0.866981</td>\n",
       "    </tr>\n",
       "    <tr>\n",
       "      <th>10</th>\n",
       "      <td>SignalEntropy</td>\n",
       "      <td>1.922973</td>\n",
       "      <td>-0.255391</td>\n",
       "      <td>0.000000e+00</td>\n",
       "      <td>0.539211</td>\n",
       "      <td>0.000000</td>\n",
       "      <td>0.720898</td>\n",
       "    </tr>\n",
       "    <tr>\n",
       "      <th>25</th>\n",
       "      <td>DetailPowerRatio</td>\n",
       "      <td>2.657517</td>\n",
       "      <td>0.276403</td>\n",
       "      <td>0.000000e+00</td>\n",
       "      <td>0.587094</td>\n",
       "      <td>0.000000</td>\n",
       "      <td>0.901279</td>\n",
       "    </tr>\n",
       "    <tr>\n",
       "      <th>3</th>\n",
       "      <td>Skewness</td>\n",
       "      <td>3.715843</td>\n",
       "      <td>0.220656</td>\n",
       "      <td>0.000000e+00</td>\n",
       "      <td>0.461807</td>\n",
       "      <td>0.000000</td>\n",
       "      <td>0.704905</td>\n",
       "    </tr>\n",
       "    <tr>\n",
       "      <th>15</th>\n",
       "      <td>RatioBeyondRSigma</td>\n",
       "      <td>5.123951</td>\n",
       "      <td>-0.281946</td>\n",
       "      <td>0.000000e+00</td>\n",
       "      <td>0.599872</td>\n",
       "      <td>0.000000</td>\n",
       "      <td>0.641231</td>\n",
       "    </tr>\n",
       "    <tr>\n",
       "      <th>24</th>\n",
       "      <td>DetailPower</td>\n",
       "      <td>5.184766</td>\n",
       "      <td>0.069200</td>\n",
       "      <td>3.358175e-80</td>\n",
       "      <td>0.141598</td>\n",
       "      <td>0.000000</td>\n",
       "      <td>0.897941</td>\n",
       "    </tr>\n",
       "    <tr>\n",
       "      <th>0</th>\n",
       "      <td>Mean</td>\n",
       "      <td>5.510853</td>\n",
       "      <td>0.038035</td>\n",
       "      <td>2.123378e-25</td>\n",
       "      <td>0.077697</td>\n",
       "      <td>0.000000</td>\n",
       "      <td>0.776361</td>\n",
       "    </tr>\n",
       "    <tr>\n",
       "      <th>11</th>\n",
       "      <td>SampleEntropy</td>\n",
       "      <td>6.591716</td>\n",
       "      <td>0.069704</td>\n",
       "      <td>2.395775e-81</td>\n",
       "      <td>0.142634</td>\n",
       "      <td>0.000000</td>\n",
       "      <td>0.793455</td>\n",
       "    </tr>\n",
       "    <tr>\n",
       "      <th>4</th>\n",
       "      <td>Kurtosis</td>\n",
       "      <td>34.844555</td>\n",
       "      <td>-0.132988</td>\n",
       "      <td>1.066111e-292</td>\n",
       "      <td>0.273900</td>\n",
       "      <td>0.000000</td>\n",
       "      <td>0.625669</td>\n",
       "    </tr>\n",
       "    <tr>\n",
       "      <th>9</th>\n",
       "      <td>LinearSlope</td>\n",
       "      <td>12986.864291</td>\n",
       "      <td>-0.004285</td>\n",
       "      <td>2.408200e-01</td>\n",
       "      <td>0.008747</td>\n",
       "      <td>0.388462</td>\n",
       "      <td>0.501857</td>\n",
       "    </tr>\n",
       "  </tbody>\n",
       "</table>\n",
       "</div>"
      ],
      "text/plain": [
       "                        Feature           DBI  Correlation r       T-test p  \\\n",
       "17            DimensionlessJerk      0.673338      -0.702958   0.000000e+00   \n",
       "21             PowerSpectralSum      0.732475      -0.712638   0.000000e+00   \n",
       "20       DominantFrequencyValue      0.751890      -0.639074   0.000000e+00   \n",
       "1                 MeanCrossRate      0.855725      -0.660950   0.000000e+00   \n",
       "12           PermutationEntropy      0.910431      -0.687836   0.000000e+00   \n",
       "19            DominantFrequency      0.982553       0.453590   0.000000e+00   \n",
       "23              SpectralEntropy      1.018023       0.618297   0.000000e+00   \n",
       "13  ComplexityInvariantDistance      1.080857      -0.612623   0.000000e+00   \n",
       "14         RangeCountPercentage      1.094363       0.489803   0.000000e+00   \n",
       "8               Autocorrelation      1.215009       0.581898   0.000000e+00   \n",
       "22             SpectralFlatness      1.279721       0.480806   0.000000e+00   \n",
       "7                           RMS      1.342349       0.365138   0.000000e+00   \n",
       "2                        StdDev      1.342349       0.365138   0.000000e+00   \n",
       "6                           IQR      1.345826       0.418591   0.000000e+00   \n",
       "5                         Range      1.425392       0.362388   0.000000e+00   \n",
       "16                   JerkMetric      1.460917       0.405330   0.000000e+00   \n",
       "18                        SPARC      1.694753      -0.343730   0.000000e+00   \n",
       "10                SignalEntropy      1.922973      -0.255391   0.000000e+00   \n",
       "25             DetailPowerRatio      2.657517       0.276403   0.000000e+00   \n",
       "3                      Skewness      3.715843       0.220656   0.000000e+00   \n",
       "15            RatioBeyondRSigma      5.123951      -0.281946   0.000000e+00   \n",
       "24                  DetailPower      5.184766       0.069200   3.358175e-80   \n",
       "0                          Mean      5.510853       0.038035   2.123378e-25   \n",
       "11                SampleEntropy      6.591716       0.069704   2.395775e-81   \n",
       "4                      Kurtosis     34.844555      -0.132988  1.066111e-292   \n",
       "9                   LinearSlope  12986.864291      -0.004285   2.408200e-01   \n",
       "\n",
       "    Cohens d  MWU-test p       AUC  \n",
       "17  2.017554    0.000000  0.899899  \n",
       "21  2.073614    0.000000  0.922449  \n",
       "20  1.696093    0.000000  0.896066  \n",
       "1   1.797896    0.000000  0.899231  \n",
       "12  1.934348    0.000000  0.916319  \n",
       "19  1.038939    0.000000  0.746459  \n",
       "23  1.605876    0.000000  0.880043  \n",
       "13  1.582218    0.000000  0.873708  \n",
       "14  1.146818    0.000000  0.785757  \n",
       "8   1.460573    0.000000  0.873879  \n",
       "22  1.119340    0.000000  0.802049  \n",
       "7   0.800636    0.000000  0.898253  \n",
       "2   0.800636    0.000000  0.898253  \n",
       "6   0.940863    0.000000  0.902881  \n",
       "5   0.793692    0.000000  0.893119  \n",
       "16  0.905081    0.000000  0.899899  \n",
       "18  0.747183    0.000000  0.866981  \n",
       "10  0.539211    0.000000  0.720898  \n",
       "25  0.587094    0.000000  0.901279  \n",
       "3   0.461807    0.000000  0.704905  \n",
       "15  0.599872    0.000000  0.641231  \n",
       "24  0.141598    0.000000  0.897941  \n",
       "0   0.077697    0.000000  0.776361  \n",
       "11  0.142634    0.000000  0.793455  \n",
       "4   0.273900    0.000000  0.625669  \n",
       "9   0.008747    0.388462  0.501857  "
      ]
     },
     "execution_count": 19,
     "metadata": {},
     "output_type": "execute_result"
    }
   ],
   "source": [
    "sep_df.sort_values('DBI')"
   ]
  },
  {
   "cell_type": "code",
   "execution_count": 20,
   "metadata": {},
   "outputs": [
    {
     "data": {
      "text/html": [
       "<div>\n",
       "<style scoped>\n",
       "    .dataframe tbody tr th:only-of-type {\n",
       "        vertical-align: middle;\n",
       "    }\n",
       "\n",
       "    .dataframe tbody tr th {\n",
       "        vertical-align: top;\n",
       "    }\n",
       "\n",
       "    .dataframe thead th {\n",
       "        text-align: right;\n",
       "    }\n",
       "</style>\n",
       "<table border=\"1\" class=\"dataframe\">\n",
       "  <thead>\n",
       "    <tr style=\"text-align: right;\">\n",
       "      <th></th>\n",
       "      <th>Feature</th>\n",
       "      <th>DBI</th>\n",
       "      <th>Correlation r</th>\n",
       "      <th>T-test p</th>\n",
       "      <th>Cohens d</th>\n",
       "      <th>MWU-test p</th>\n",
       "      <th>AUC</th>\n",
       "    </tr>\n",
       "  </thead>\n",
       "  <tbody>\n",
       "    <tr>\n",
       "      <th>21</th>\n",
       "      <td>PowerSpectralSum</td>\n",
       "      <td>0.732475</td>\n",
       "      <td>-0.712638</td>\n",
       "      <td>0.000000e+00</td>\n",
       "      <td>2.073614</td>\n",
       "      <td>0.000000</td>\n",
       "      <td>0.922449</td>\n",
       "    </tr>\n",
       "    <tr>\n",
       "      <th>17</th>\n",
       "      <td>DimensionlessJerk</td>\n",
       "      <td>0.673338</td>\n",
       "      <td>-0.702958</td>\n",
       "      <td>0.000000e+00</td>\n",
       "      <td>2.017554</td>\n",
       "      <td>0.000000</td>\n",
       "      <td>0.899899</td>\n",
       "    </tr>\n",
       "    <tr>\n",
       "      <th>12</th>\n",
       "      <td>PermutationEntropy</td>\n",
       "      <td>0.910431</td>\n",
       "      <td>-0.687836</td>\n",
       "      <td>0.000000e+00</td>\n",
       "      <td>1.934348</td>\n",
       "      <td>0.000000</td>\n",
       "      <td>0.916319</td>\n",
       "    </tr>\n",
       "    <tr>\n",
       "      <th>1</th>\n",
       "      <td>MeanCrossRate</td>\n",
       "      <td>0.855725</td>\n",
       "      <td>-0.660950</td>\n",
       "      <td>0.000000e+00</td>\n",
       "      <td>1.797896</td>\n",
       "      <td>0.000000</td>\n",
       "      <td>0.899231</td>\n",
       "    </tr>\n",
       "    <tr>\n",
       "      <th>20</th>\n",
       "      <td>DominantFrequencyValue</td>\n",
       "      <td>0.751890</td>\n",
       "      <td>-0.639074</td>\n",
       "      <td>0.000000e+00</td>\n",
       "      <td>1.696093</td>\n",
       "      <td>0.000000</td>\n",
       "      <td>0.896066</td>\n",
       "    </tr>\n",
       "    <tr>\n",
       "      <th>23</th>\n",
       "      <td>SpectralEntropy</td>\n",
       "      <td>1.018023</td>\n",
       "      <td>0.618297</td>\n",
       "      <td>0.000000e+00</td>\n",
       "      <td>1.605876</td>\n",
       "      <td>0.000000</td>\n",
       "      <td>0.880043</td>\n",
       "    </tr>\n",
       "    <tr>\n",
       "      <th>13</th>\n",
       "      <td>ComplexityInvariantDistance</td>\n",
       "      <td>1.080857</td>\n",
       "      <td>-0.612623</td>\n",
       "      <td>0.000000e+00</td>\n",
       "      <td>1.582218</td>\n",
       "      <td>0.000000</td>\n",
       "      <td>0.873708</td>\n",
       "    </tr>\n",
       "    <tr>\n",
       "      <th>8</th>\n",
       "      <td>Autocorrelation</td>\n",
       "      <td>1.215009</td>\n",
       "      <td>0.581898</td>\n",
       "      <td>0.000000e+00</td>\n",
       "      <td>1.460573</td>\n",
       "      <td>0.000000</td>\n",
       "      <td>0.873879</td>\n",
       "    </tr>\n",
       "    <tr>\n",
       "      <th>14</th>\n",
       "      <td>RangeCountPercentage</td>\n",
       "      <td>1.094363</td>\n",
       "      <td>0.489803</td>\n",
       "      <td>0.000000e+00</td>\n",
       "      <td>1.146818</td>\n",
       "      <td>0.000000</td>\n",
       "      <td>0.785757</td>\n",
       "    </tr>\n",
       "    <tr>\n",
       "      <th>22</th>\n",
       "      <td>SpectralFlatness</td>\n",
       "      <td>1.279721</td>\n",
       "      <td>0.480806</td>\n",
       "      <td>0.000000e+00</td>\n",
       "      <td>1.119340</td>\n",
       "      <td>0.000000</td>\n",
       "      <td>0.802049</td>\n",
       "    </tr>\n",
       "    <tr>\n",
       "      <th>19</th>\n",
       "      <td>DominantFrequency</td>\n",
       "      <td>0.982553</td>\n",
       "      <td>0.453590</td>\n",
       "      <td>0.000000e+00</td>\n",
       "      <td>1.038939</td>\n",
       "      <td>0.000000</td>\n",
       "      <td>0.746459</td>\n",
       "    </tr>\n",
       "    <tr>\n",
       "      <th>6</th>\n",
       "      <td>IQR</td>\n",
       "      <td>1.345826</td>\n",
       "      <td>0.418591</td>\n",
       "      <td>0.000000e+00</td>\n",
       "      <td>0.940863</td>\n",
       "      <td>0.000000</td>\n",
       "      <td>0.902881</td>\n",
       "    </tr>\n",
       "    <tr>\n",
       "      <th>16</th>\n",
       "      <td>JerkMetric</td>\n",
       "      <td>1.460917</td>\n",
       "      <td>0.405330</td>\n",
       "      <td>0.000000e+00</td>\n",
       "      <td>0.905081</td>\n",
       "      <td>0.000000</td>\n",
       "      <td>0.899899</td>\n",
       "    </tr>\n",
       "    <tr>\n",
       "      <th>2</th>\n",
       "      <td>StdDev</td>\n",
       "      <td>1.342349</td>\n",
       "      <td>0.365138</td>\n",
       "      <td>0.000000e+00</td>\n",
       "      <td>0.800636</td>\n",
       "      <td>0.000000</td>\n",
       "      <td>0.898253</td>\n",
       "    </tr>\n",
       "    <tr>\n",
       "      <th>7</th>\n",
       "      <td>RMS</td>\n",
       "      <td>1.342349</td>\n",
       "      <td>0.365138</td>\n",
       "      <td>0.000000e+00</td>\n",
       "      <td>0.800636</td>\n",
       "      <td>0.000000</td>\n",
       "      <td>0.898253</td>\n",
       "    </tr>\n",
       "    <tr>\n",
       "      <th>5</th>\n",
       "      <td>Range</td>\n",
       "      <td>1.425392</td>\n",
       "      <td>0.362388</td>\n",
       "      <td>0.000000e+00</td>\n",
       "      <td>0.793692</td>\n",
       "      <td>0.000000</td>\n",
       "      <td>0.893119</td>\n",
       "    </tr>\n",
       "    <tr>\n",
       "      <th>18</th>\n",
       "      <td>SPARC</td>\n",
       "      <td>1.694753</td>\n",
       "      <td>-0.343730</td>\n",
       "      <td>0.000000e+00</td>\n",
       "      <td>0.747183</td>\n",
       "      <td>0.000000</td>\n",
       "      <td>0.866981</td>\n",
       "    </tr>\n",
       "    <tr>\n",
       "      <th>15</th>\n",
       "      <td>RatioBeyondRSigma</td>\n",
       "      <td>5.123951</td>\n",
       "      <td>-0.281946</td>\n",
       "      <td>0.000000e+00</td>\n",
       "      <td>0.599872</td>\n",
       "      <td>0.000000</td>\n",
       "      <td>0.641231</td>\n",
       "    </tr>\n",
       "    <tr>\n",
       "      <th>25</th>\n",
       "      <td>DetailPowerRatio</td>\n",
       "      <td>2.657517</td>\n",
       "      <td>0.276403</td>\n",
       "      <td>0.000000e+00</td>\n",
       "      <td>0.587094</td>\n",
       "      <td>0.000000</td>\n",
       "      <td>0.901279</td>\n",
       "    </tr>\n",
       "    <tr>\n",
       "      <th>10</th>\n",
       "      <td>SignalEntropy</td>\n",
       "      <td>1.922973</td>\n",
       "      <td>-0.255391</td>\n",
       "      <td>0.000000e+00</td>\n",
       "      <td>0.539211</td>\n",
       "      <td>0.000000</td>\n",
       "      <td>0.720898</td>\n",
       "    </tr>\n",
       "    <tr>\n",
       "      <th>3</th>\n",
       "      <td>Skewness</td>\n",
       "      <td>3.715843</td>\n",
       "      <td>0.220656</td>\n",
       "      <td>0.000000e+00</td>\n",
       "      <td>0.461807</td>\n",
       "      <td>0.000000</td>\n",
       "      <td>0.704905</td>\n",
       "    </tr>\n",
       "    <tr>\n",
       "      <th>4</th>\n",
       "      <td>Kurtosis</td>\n",
       "      <td>34.844555</td>\n",
       "      <td>-0.132988</td>\n",
       "      <td>1.066111e-292</td>\n",
       "      <td>0.273900</td>\n",
       "      <td>0.000000</td>\n",
       "      <td>0.625669</td>\n",
       "    </tr>\n",
       "    <tr>\n",
       "      <th>11</th>\n",
       "      <td>SampleEntropy</td>\n",
       "      <td>6.591716</td>\n",
       "      <td>0.069704</td>\n",
       "      <td>2.395775e-81</td>\n",
       "      <td>0.142634</td>\n",
       "      <td>0.000000</td>\n",
       "      <td>0.793455</td>\n",
       "    </tr>\n",
       "    <tr>\n",
       "      <th>24</th>\n",
       "      <td>DetailPower</td>\n",
       "      <td>5.184766</td>\n",
       "      <td>0.069200</td>\n",
       "      <td>3.358175e-80</td>\n",
       "      <td>0.141598</td>\n",
       "      <td>0.000000</td>\n",
       "      <td>0.897941</td>\n",
       "    </tr>\n",
       "    <tr>\n",
       "      <th>0</th>\n",
       "      <td>Mean</td>\n",
       "      <td>5.510853</td>\n",
       "      <td>0.038035</td>\n",
       "      <td>2.123378e-25</td>\n",
       "      <td>0.077697</td>\n",
       "      <td>0.000000</td>\n",
       "      <td>0.776361</td>\n",
       "    </tr>\n",
       "    <tr>\n",
       "      <th>9</th>\n",
       "      <td>LinearSlope</td>\n",
       "      <td>12986.864291</td>\n",
       "      <td>-0.004285</td>\n",
       "      <td>2.408200e-01</td>\n",
       "      <td>0.008747</td>\n",
       "      <td>0.388462</td>\n",
       "      <td>0.501857</td>\n",
       "    </tr>\n",
       "  </tbody>\n",
       "</table>\n",
       "</div>"
      ],
      "text/plain": [
       "                        Feature           DBI  Correlation r       T-test p  \\\n",
       "21             PowerSpectralSum      0.732475      -0.712638   0.000000e+00   \n",
       "17            DimensionlessJerk      0.673338      -0.702958   0.000000e+00   \n",
       "12           PermutationEntropy      0.910431      -0.687836   0.000000e+00   \n",
       "1                 MeanCrossRate      0.855725      -0.660950   0.000000e+00   \n",
       "20       DominantFrequencyValue      0.751890      -0.639074   0.000000e+00   \n",
       "23              SpectralEntropy      1.018023       0.618297   0.000000e+00   \n",
       "13  ComplexityInvariantDistance      1.080857      -0.612623   0.000000e+00   \n",
       "8               Autocorrelation      1.215009       0.581898   0.000000e+00   \n",
       "14         RangeCountPercentage      1.094363       0.489803   0.000000e+00   \n",
       "22             SpectralFlatness      1.279721       0.480806   0.000000e+00   \n",
       "19            DominantFrequency      0.982553       0.453590   0.000000e+00   \n",
       "6                           IQR      1.345826       0.418591   0.000000e+00   \n",
       "16                   JerkMetric      1.460917       0.405330   0.000000e+00   \n",
       "2                        StdDev      1.342349       0.365138   0.000000e+00   \n",
       "7                           RMS      1.342349       0.365138   0.000000e+00   \n",
       "5                         Range      1.425392       0.362388   0.000000e+00   \n",
       "18                        SPARC      1.694753      -0.343730   0.000000e+00   \n",
       "15            RatioBeyondRSigma      5.123951      -0.281946   0.000000e+00   \n",
       "25             DetailPowerRatio      2.657517       0.276403   0.000000e+00   \n",
       "10                SignalEntropy      1.922973      -0.255391   0.000000e+00   \n",
       "3                      Skewness      3.715843       0.220656   0.000000e+00   \n",
       "4                      Kurtosis     34.844555      -0.132988  1.066111e-292   \n",
       "11                SampleEntropy      6.591716       0.069704   2.395775e-81   \n",
       "24                  DetailPower      5.184766       0.069200   3.358175e-80   \n",
       "0                          Mean      5.510853       0.038035   2.123378e-25   \n",
       "9                   LinearSlope  12986.864291      -0.004285   2.408200e-01   \n",
       "\n",
       "    Cohens d  MWU-test p       AUC  \n",
       "21  2.073614    0.000000  0.922449  \n",
       "17  2.017554    0.000000  0.899899  \n",
       "12  1.934348    0.000000  0.916319  \n",
       "1   1.797896    0.000000  0.899231  \n",
       "20  1.696093    0.000000  0.896066  \n",
       "23  1.605876    0.000000  0.880043  \n",
       "13  1.582218    0.000000  0.873708  \n",
       "8   1.460573    0.000000  0.873879  \n",
       "14  1.146818    0.000000  0.785757  \n",
       "22  1.119340    0.000000  0.802049  \n",
       "19  1.038939    0.000000  0.746459  \n",
       "6   0.940863    0.000000  0.902881  \n",
       "16  0.905081    0.000000  0.899899  \n",
       "2   0.800636    0.000000  0.898253  \n",
       "7   0.800636    0.000000  0.898253  \n",
       "5   0.793692    0.000000  0.893119  \n",
       "18  0.747183    0.000000  0.866981  \n",
       "15  0.599872    0.000000  0.641231  \n",
       "25  0.587094    0.000000  0.901279  \n",
       "10  0.539211    0.000000  0.720898  \n",
       "3   0.461807    0.000000  0.704905  \n",
       "4   0.273900    0.000000  0.625669  \n",
       "11  0.142634    0.000000  0.793455  \n",
       "24  0.141598    0.000000  0.897941  \n",
       "0   0.077697    0.000000  0.776361  \n",
       "9   0.008747    0.388462  0.501857  "
      ]
     },
     "execution_count": 20,
     "metadata": {},
     "output_type": "execute_result"
    }
   ],
   "source": [
    "sep_df.sort_values('Cohens d', ascending=False)"
   ]
  },
  {
   "cell_type": "code",
   "execution_count": 21,
   "metadata": {},
   "outputs": [
    {
     "data": {
      "text/html": [
       "<div>\n",
       "<style scoped>\n",
       "    .dataframe tbody tr th:only-of-type {\n",
       "        vertical-align: middle;\n",
       "    }\n",
       "\n",
       "    .dataframe tbody tr th {\n",
       "        vertical-align: top;\n",
       "    }\n",
       "\n",
       "    .dataframe thead th {\n",
       "        text-align: right;\n",
