{
 "cells": [
  {
   "cell_type": "code",
   "execution_count": 1,
   "metadata": {},
   "outputs": [],
   "source": [
    "%matplotlib widget"
   ]
  },
  {
   "cell_type": "code",
   "execution_count": 2,
   "metadata": {},
   "outputs": [],
   "source": [
    "import numpy as np\n",
    "import pandas as pd\n",
    "import matplotlib.pyplot as plt\n",
    "import seaborn as sns\n",
    "from pathlib import Path\n",
    "import sys\n",
    "\n",
    "from PfyMU.gait.train_classifier.core import load_datasets"
   ]
  },
  {
   "cell_type": "code",
   "execution_count": 3,
   "metadata": {},
   "outputs": [],
   "source": [
    "gait_sets_path = Path('/Users/adamol/Documents/Datasets/gait/processed')\n",
    "\n",
    "datasets = [\n",
    "    gait_sets_path / 'bluesky2',\n",
    "    gait_sets_path / 'daliac',\n",
    "    gait_sets_path / 'ltmm',\n",
    "    gait_sets_path / 'usc-had'\n",
    "]\n",
    "\n",
    "X, Y, subjects, activities = load_datasets(datasets, goal_fs=50.0, acc_mag=True, window_length=3.0, window_step=[0.75, 0.25])"
   ]
  },
  {
   "cell_type": "code",
   "execution_count": 4,
   "metadata": {},
   "outputs": [],
   "source": [
    "from scipy.signal import butter, sosfiltfilt\n",
    "\n",
    "sos = butter(4, [0.2/25, 10./25], btype='band', output='sos')\n",
    "X = sosfiltfilt(sos, X, axis=1)"
   ]
  },
  {
   "cell_type": "markdown",
   "metadata": {},
   "source": [
    "## Dataset class summary"
   ]
  },
  {
   "cell_type": "code",
   "execution_count": 5,
   "metadata": {},
   "outputs": [
    {
     "name": "stdout",
     "output_type": "stream",
     "text": [
      "Total samples (3.0s windows):  74926\n",
      "Total walking samples:  29963\n",
      "Total non-walking samples:  44963 \n",
      "\n",
      "% walking samples: 39.99\n"
     ]
    }
   ],
   "source": [
    "print('Total samples (3.0s windows): ', Y.size)\n",
    "print('Total walking samples: ', Y.sum())\n",
    "print('Total non-walking samples: ', Y.size - Y.sum(), '\\n')\n",
    "print(f'% walking samples: {Y.sum() / Y.size * 100:.2f}')"
   ]
  },
  {
   "cell_type": "markdown",
   "metadata": {},
   "source": [
    "## Feature Generation"
   ]
  },
  {
   "cell_type": "code",
   "execution_count": 6,
   "metadata": {},
   "outputs": [],
   "source": [
    "from PfyMU.features import *"
   ]
  },
  {
   "cell_type": "code",
   "execution_count": 7,
   "metadata": {},
   "outputs": [],
   "source": [
    "FB = Bank(window_length=None, window_step=None)\n",
    "\n",
    "# add features\n",
    "FB + Mean()\n",
    "FB + MeanCrossRate()\n",
    "FB + StdDev()\n",
    "FB + Skewness()\n",
    "FB + Kurtosis()\n",
    "FB + Range()\n",
    "FB + IQR()\n",
    "FB + RMS()\n",
    "FB + Autocorrelation(lag=1, normalize=True)\n",
    "FB + LinearSlope()\n",
    "FB + SignalEntropy()\n",
    "FB + SampleEntropy(m=4, r=1.0)\n",
    "FB + PermutationEntropy(order=3, delay=1, normalize=True)\n",
    "FB + ComplexityInvariantDistance(normalize=True)\n",
    "FB + RangeCountPercentage(range_min=0, range_max=1.0)\n",
    "FB + RatioBeyondRSigma(r=2.0)\n",
    "FB + JerkMetric(normalize=True)\n",
    "FB + DimensionlessJerk(log=True, signal_type='acceleration')\n",
    "FB + SPARC()\n",
    "FB + DominantFrequency(low_cutoff=0.25, high_cutoff=5.0)\n",
    "FB + DominantFrequencyValue(low_cutoff=0.25, high_cutoff=5.0)\n",
    "FB + PowerSpectralSum(low_cutoff=0.25, high_cutoff=5.0)\n",
    "FB + SpectralFlatness(low_cutoff=0.25, high_cutoff=5.0)\n",
    "FB + SpectralEntropy(low_cutoff=0.25, high_cutoff=5.0)\n",
    "FB + DetailPower(wavelet='coif4', freq_band=[1.0, 3.0])\n",
    "FB + DetailPowerRatio(wavelet='coif4', freq_band=[1.0, 3.0])"
   ]
  },
  {
   "cell_type": "code",
   "execution_count": 8,
   "metadata": {},
   "outputs": [
    {
     "name": "stderr",
     "output_type": "stream",
     "text": [
      "/Users/adamol/opt/miniconda3/envs/pfymu/lib/python3.8/site-packages/pywt/_multilevel.py:43: UserWarning: Level value of 6 is too high: all coefficients will experience boundary effects.\n",
      "  warnings.warn(\n"
     ]
    }
   ],
   "source": [
    "X_feat = FB.compute(X, fs=50.0, windowed=True)"
   ]
  },
  {
   "cell_type": "markdown",
   "metadata": {},
   "source": [
    "## Feature Exploration"
   ]
  },
  {
   "cell_type": "code",
   "execution_count": 9,
   "metadata": {},
   "outputs": [],
   "source": [
    "feats = pd.DataFrame(data=X_feat, columns=[i.parent._name for i in FB._feat_list])\n",
    "feats['Labels'] = Y\n",
    "\n",
    "feat_names = [i.parent._name for i in FB._feat_list]"
   ]
  },
  {
   "cell_type": "markdown",
   "metadata": {},
   "source": [
    "### Feature distributions"
   ]
  },
  {
   "cell_type": "code",
   "execution_count": 10,
   "metadata": {
    "jupyter": {
     "source_hidden": true
    }
   },
   "outputs": [
    {
     "data": {
      "application/vnd.jupyter.widget-view+json": {
       "model_id": "d64498ccf11b4755a30cf7f9ce4c5bb3",
       "version_major": 2,
       "version_minor": 0
      },
      "text/plain": [
       "Canvas(toolbar=Toolbar(toolitems=[('Home', 'Reset original view', 'home', 'home'), ('Back', 'Back to previous …"
      ]
     },
     "metadata": {},
     "output_type": "display_data"
    }
   ],
   "source": [
    "plt.close('all')\n",
    "\n",
    "f, ax = plt.subplots(nrows=7, ncols=4, figsize=(10, 10), sharex=True)\n",
    "\n",
    "j, k = 0, 0\n",
    "for i, ft in enumerate([i.parent._name for i in FB._feat_list]):\n",
    "    if k > 3:\n",
    "        j += 1\n",
    "        k  = 0\n",
    "    sns.violinplot(x='Labels', y=ft, data=feats, ax=ax[j, k])\n",
    "    ax[j, k].set_ylabel(None)\n",
    "    ax[j, k].set_title(ft)\n",
    "    ax[j, k].set_xlabel(None)\n",
    "    \n",
    "    k += 1\n",
    "\n",
    "for k in range(4):\n",
    "    ax[-1, k].set_xticklabels(['NG', 'G'])\n",
    "\n",
    "f.tight_layout()"
   ]
  },
  {
   "cell_type": "markdown",
   "metadata": {},
   "source": [
    "### Predictive Power Score"
   ]
  },
  {
   "cell_type": "code",
   "execution_count": 11,
   "metadata": {},
   "outputs": [],
   "source": [
    "import ppscore"
   ]
  },
  {
   "cell_type": "code",
   "execution_count": 12,
   "metadata": {},
   "outputs": [
    {
     "data": {
      "application/vnd.jupyter.widget-view+json": {
       "model_id": "26dc88f68fc742cda038e7c349ce9e7f",
       "version_major": 2,
       "version_minor": 0
      },
      "text/plain": [
       "Canvas(toolbar=Toolbar(toolitems=[('Home', 'Reset original view', 'home', 'home'), ('Back', 'Back to previous …"
      ]
     },
     "metadata": {},
     "output_type": "display_data"
    }
   ],
   "source": [
    "df_predictors = ppscore.predictors(feats, 'Labels', output='df')\n",
    "plt.figure()\n",
    "ax = sns.barplot(data=df_predictors, x=\"x\", y=\"ppscore\")\n",
    "ax.set_xticklabels(ax.get_xticklabels(), rotation=45, ha=\"right\")\n",
    "plt.tight_layout()"
   ]
  },
  {
   "cell_type": "code",
   "execution_count": 13,
   "metadata": {},
   "outputs": [],
   "source": [
    "pps_matrix = ppscore.matrix(feats)"
   ]
  },
  {
   "cell_type": "code",
   "execution_count": 14,
   "metadata": {},
   "outputs": [
    {
     "data": {
      "application/vnd.jupyter.widget-view+json": {
       "model_id": "2f184d489a664a5fa560f5e96ccf710d",
       "version_major": 2,
       "version_minor": 0
      },
      "text/plain": [
       "Canvas(toolbar=Toolbar(toolitems=[('Home', 'Reset original view', 'home', 'home'), ('Back', 'Back to previous …"
      ]
     },
     "metadata": {},
     "output_type": "display_data"
    }
   ],
   "source": [
    "plt.figure(figsize=(15, 10))\n",
    "sns.heatmap(pps_matrix, vmin=0, vmax=1, cmap=\"Blues\", linewidths=0.5, annot=True)\n",
    "plt.tight_layout()\n",
    "# plt.savefig('PPScore_matrix.pdf')"
   ]
  },
  {
   "cell_type": "code",
   "execution_count": 15,
   "metadata": {},
   "outputs": [],
   "source": [
    "from sklearn.decomposition import PCA"
   ]
  },
  {
   "cell_type": "code",
   "execution_count": 16,
   "metadata": {},
   "outputs": [
    {
     "data": {
      "text/html": [
       "<div>\n",
       "<style scoped>\n",
       "    .dataframe tbody tr th:only-of-type {\n",
       "        vertical-align: middle;\n",
       "    }\n",
       "\n",
       "    .dataframe tbody tr th {\n",
       "        vertical-align: top;\n",
       "    }\n",
       "\n",
       "    .dataframe thead th {\n",
       "        text-align: right;\n",
       "    }\n",
       "</style>\n",
       "<table border=\"1\" class=\"dataframe\">\n",
       "  <thead>\n",
       "    <tr style=\"text-align: right;\">\n",
       "      <th></th>\n",
       "      <th>PC 1</th>\n",
       "      <th>PC 2</th>\n",
       "      <th>PC 3</th>\n",
       "      <th>PC 4</th>\n",
       "      <th>PC 5</th>\n",
       "      <th>Labels</th>\n",
       "    </tr>\n",
       "  </thead>\n",
       "  <tbody>\n",
       "    <tr>\n",
       "      <th>0</th>\n",
       "      <td>-2509.399045</td>\n",
       "      <td>7.311646</td>\n",
       "      <td>3.403297</td>\n",
       "      <td>2.185882</td>\n",
       "      <td>1.853542</td>\n",
       "      <td>1</td>\n",
       "    </tr>\n",
       "    <tr>\n",
       "      <th>1</th>\n",
       "      <td>-2509.349954</td>\n",
       "      <td>6.553833</td>\n",
       "      <td>1.539056</td>\n",
       "      <td>2.706662</td>\n",
       "      <td>2.189520</td>\n",
       "      <td>1</td>\n",
       "    </tr>\n",
       "  </tbody>\n",
       "</table>\n",
       "</div>"
      ],
      "text/plain": [
       "          PC 1      PC 2      PC 3      PC 4      PC 5  Labels\n",
       "0 -2509.399045  7.311646  3.403297  2.185882  1.853542       1\n",
       "1 -2509.349954  6.553833  1.539056  2.706662  2.189520       1"
      ]
     },
     "execution_count": 16,
     "metadata": {},
     "output_type": "execute_result"
    }
   ],
   "source": [
    "pca = PCA(n_components=5)\n",
    "x_pca = pca.fit_transform(feats)\n",
    "df_pca = pd.DataFrame(x_pca, columns=[f'PC {i+1}' for i in range(x_pca.shape[1])])\n",
    "df_pca['Labels'] = Y\n",
    "df_pca.head(2)"
   ]
  },
  {
   "cell_type": "code",
   "execution_count": 17,
   "metadata": {},
   "outputs": [
    {
     "data": {
      "application/vnd.jupyter.widget-view+json": {
       "model_id": "a92a5bf5fcd94a38be4e25b9eeb7164f",
       "version_major": 2,
       "version_minor": 0
      },
      "text/plain": [
       "Canvas(toolbar=Toolbar(toolitems=[('Home', 'Reset original view', 'home', 'home'), ('Back', 'Back to previous …"
      ]
     },
     "metadata": {},
     "output_type": "display_data"
    },
    {
     "data": {
      "text/plain": [
       "<seaborn.axisgrid.PairGrid at 0x7f9d7381cc10>"
      ]
     },
     "execution_count": 17,
     "metadata": {},
     "output_type": "execute_result"
    }
   ],
   "source": [
    "sns.pairplot(df_pca, hue='Labels')"
   ]
  },
  {
   "cell_type": "code",
   "execution_count": 18,
   "metadata": {},
   "outputs": [],
   "source": [
    "from separation_stats import db_2class, corr_select, cohen_d, ttest_select, mwu_select, auc_score"
   ]
  },
  {
   "cell_type": "code",
   "execution_count": 19,
   "metadata": {},
   "outputs": [],
   "source": [
    "sep_df = pd.DataFrame()\n",
    "sep_df['Feature'] = feat_names\n",
    "\n",
    "sep_df['DBI'], db_rank = db_2class(X_feat, Y)\n",
    "sep_df['Correlation r'] = corr_select(X_feat, Y)\n",
    "sep_df['T-test p'], sep_df['Cohens d'] = ttest_select(X_feat, Y)\n",
    "sep_df['MWU-test p'], _ = mwu_select(X_feat, Y)\n",
    "sep_df['AUC'] = auc_score(X_feat, Y)\n",
    "\n",
    "sep_df['Cohens d'] = sep_df['Cohens d'].abs()\n",
    "sep_df['AUC'] = sep_df['AUC'].apply(lambda i: 1 - i if i < 0.5 else i)"
   ]
  },
  {
   "cell_type": "code",
   "execution_count": 20,
   "metadata": {},
   "outputs": [
    {
     "data": {
      "text/html": [
       "<div>\n",
       "<style scoped>\n",
       "    .dataframe tbody tr th:only-of-type {\n",
       "        vertical-align: middle;\n",
       "    }\n",
       "\n",
       "    .dataframe tbody tr th {\n",
       "        vertical-align: top;\n",
       "    }\n",
       "\n",
       "    .dataframe thead th {\n",
       "        text-align: right;\n",
       "    }\n",
       "</style>\n",
       "<table border=\"1\" class=\"dataframe\">\n",
       "  <thead>\n",
       "    <tr style=\"text-align: right;\">\n",
       "      <th></th>\n",
       "      <th>Feature</th>\n",
       "      <th>DBI</th>\n",
       "      <th>Correlation r</th>\n",
       "      <th>T-test p</th>\n",
       "      <th>Cohens d</th>\n",
       "      <th>MWU-test p</th>\n",
       "      <th>AUC</th>\n",
       "    </tr>\n",
       "  </thead>\n",
       "  <tbody>\n",
       "    <tr>\n",
       "      <th>1</th>\n",
       "      <td>MeanCrossRate</td>\n",
       "      <td>1.162966</td>\n",
       "      <td>-0.516103</td>\n",
       "      <td>0.000000e+00</td>\n",
       "      <td>1.229993</td>\n",
       "      <td>0.000000e+00</td>\n",
       "      <td>0.814807</td>\n",
       "    </tr>\n",
       "    <tr>\n",
       "      <th>23</th>\n",
       "      <td>SpectralEntropy</td>\n",
       "      <td>1.255501</td>\n",
       "      <td>-0.510837</td>\n",
       "      <td>0.000000e+00</td>\n",
       "      <td>1.212979</td>\n",
       "      <td>0.000000e+00</td>\n",
       "      <td>0.808381</td>\n",
       "    </tr>\n",
       "    <tr>\n",
       "      <th>13</th>\n",
       "      <td>ComplexityInvariantDistance</td>\n",
       "      <td>1.267872</td>\n",
       "      <td>-0.539467</td>\n",
       "      <td>0.000000e+00</td>\n",
       "      <td>1.307845</td>\n",
       "      <td>0.000000e+00</td>\n",
       "      <td>0.826914</td>\n",
       "    </tr>\n",
       "    <tr>\n",
       "      <th>8</th>\n",
       "      <td>Autocorrelation</td>\n",
       "      <td>1.307178</td>\n",
       "      <td>0.532574</td>\n",
       "      <td>0.000000e+00</td>\n",
       "      <td>1.284455</td>\n",
       "      <td>0.000000e+00</td>\n",
       "      <td>0.826905</td>\n",
       "    </tr>\n",
       "    <tr>\n",
       "      <th>6</th>\n",
       "      <td>IQR</td>\n",
       "      <td>1.309579</td>\n",
       "      <td>0.411281</td>\n",
       "      <td>0.000000e+00</td>\n",
       "      <td>0.921054</td>\n",
       "      <td>0.000000e+00</td>\n",
       "      <td>0.902851</td>\n",
       "    </tr>\n",
       "    <tr>\n",
       "      <th>22</th>\n",
       "      <td>SpectralFlatness</td>\n",
       "      <td>1.316660</td>\n",
       "      <td>-0.521933</td>\n",
       "      <td>0.000000e+00</td>\n",
       "      <td>1.249047</td>\n",
       "      <td>0.000000e+00</td>\n",
       "      <td>0.818776</td>\n",
       "    </tr>\n",
       "    <tr>\n",
       "      <th>5</th>\n",
       "      <td>Range</td>\n",
       "      <td>1.317883</td>\n",
       "      <td>0.389035</td>\n",
       "      <td>0.000000e+00</td>\n",
       "      <td>0.862047</td>\n",
       "      <td>0.000000e+00</td>\n",
       "      <td>0.895833</td>\n",
       "    </tr>\n",
       "    <tr>\n",
       "      <th>2</th>\n",
       "      <td>StdDev</td>\n",
       "      <td>1.328613</td>\n",
       "      <td>0.380355</td>\n",
       "      <td>0.000000e+00</td>\n",
       "      <td>0.839516</td>\n",
       "      <td>0.000000e+00</td>\n",
       "      <td>0.898837</td>\n",
       "    </tr>\n",
       "    <tr>\n",
       "      <th>7</th>\n",
       "      <td>RMS</td>\n",
       "      <td>1.328613</td>\n",
       "      <td>0.380355</td>\n",
       "      <td>0.000000e+00</td>\n",
       "      <td>0.839516</td>\n",
       "      <td>0.000000e+00</td>\n",
       "      <td>0.898837</td>\n",
       "    </tr>\n",
       "    <tr>\n",
       "      <th>12</th>\n",
       "      <td>PermutationEntropy</td>\n",
       "      <td>1.492345</td>\n",
       "      <td>-0.546277</td>\n",
       "      <td>0.000000e+00</td>\n",
       "      <td>1.331315</td>\n",
       "      <td>0.000000e+00</td>\n",
       "      <td>0.834840</td>\n",
       "    </tr>\n",
       "    <tr>\n",
       "      <th>21</th>\n",
       "      <td>PowerSpectralSum</td>\n",
       "      <td>2.323061</td>\n",
       "      <td>0.313658</td>\n",
       "      <td>0.000000e+00</td>\n",
       "      <td>0.674296</td>\n",
       "      <td>0.000000e+00</td>\n",
       "      <td>0.693664</td>\n",
       "    </tr>\n",
       "    <tr>\n",
       "      <th>17</th>\n",
       "      <td>DimensionlessJerk</td>\n",
       "      <td>2.342426</td>\n",
       "      <td>0.306594</td>\n",
       "      <td>0.000000e+00</td>\n",
       "      <td>0.657516</td>\n",
       "      <td>0.000000e+00</td>\n",
       "      <td>0.706172</td>\n",
       "    </tr>\n",
       "    <tr>\n",
       "      <th>20</th>\n",
       "      <td>DominantFrequencyValue</td>\n",
       "      <td>2.437253</td>\n",
       "      <td>-0.369900</td>\n",
       "      <td>0.000000e+00</td>\n",
       "      <td>0.812721</td>\n",
       "      <td>0.000000e+00</td>\n",
       "      <td>0.768044</td>\n",
       "    </tr>\n",
       "    <tr>\n",
       "      <th>16</th>\n",
       "      <td>JerkMetric</td>\n",
       "      <td>2.581774</td>\n",
       "      <td>-0.359730</td>\n",
       "      <td>0.000000e+00</td>\n",
       "      <td>0.787000</td>\n",
       "      <td>0.000000e+00</td>\n",
       "      <td>0.706172</td>\n",
       "    </tr>\n",
       "    <tr>\n",
       "      <th>18</th>\n",
       "      <td>SPARC</td>\n",
       "      <td>3.090750</td>\n",
       "      <td>0.254231</td>\n",
       "      <td>0.000000e+00</td>\n",
       "      <td>0.536591</td>\n",
       "      <td>0.000000e+00</td>\n",
       "      <td>0.655897</td>\n",
       "    </tr>\n",
       "    <tr>\n",
       "      <th>25</th>\n",
       "      <td>DetailPowerRatio</td>\n",
       "      <td>3.323398</td>\n",
       "      <td>0.188936</td>\n",
       "      <td>0.000000e+00</td>\n",
       "      <td>0.392749</td>\n",
       "      <td>0.000000e+00</td>\n",
       "      <td>0.689765</td>\n",
       "    </tr>\n",
       "    <tr>\n",
       "      <th>19</th>\n",
       "      <td>DominantFrequency</td>\n",
       "      <td>3.747486</td>\n",
       "      <td>-0.026219</td>\n",
       "      <td>7.076821e-13</td>\n",
       "      <td>0.053539</td>\n",
       "      <td>1.635925e-93</td>\n",
       "      <td>0.543618</td>\n",
       "    </tr>\n",
       "    <tr>\n",
       "      <th>15</th>\n",
       "      <td>RatioBeyondRSigma</td>\n",
       "      <td>4.949729</td>\n",
       "      <td>-0.247302</td>\n",
       "      <td>0.000000e+00</td>\n",
       "      <td>0.521001</td>\n",
       "      <td>0.000000e+00</td>\n",
       "      <td>0.636552</td>\n",
       "    </tr>\n",
       "    <tr>\n",
       "      <th>10</th>\n",
       "      <td>SignalEntropy</td>\n",
       "      <td>5.935198</td>\n",
       "      <td>-0.055558</td>\n",
       "      <td>2.635879e-52</td>\n",
       "      <td>0.113586</td>\n",
       "      <td>0.000000e+00</td>\n",
       "      <td>0.592766</td>\n",
       "    </tr>\n",
       "    <tr>\n",
       "      <th>11</th>\n",
       "      <td>SampleEntropy</td>\n",
       "      <td>6.316499</td>\n",
       "      <td>0.053117</td>\n",
       "      <td>5.888854e-48</td>\n",
       "      <td>0.108580</td>\n",
       "      <td>0.000000e+00</td>\n",
       "      <td>0.792815</td>\n",
       "    </tr>\n",
       "    <tr>\n",
       "      <th>3</th>\n",
       "      <td>Skewness</td>\n",
       "      <td>7.428298</td>\n",
       "      <td>0.150452</td>\n",
       "      <td>0.000000e+00</td>\n",
       "      <td>0.310654</td>\n",
       "      <td>0.000000e+00</td>\n",
       "      <td>0.611713</td>\n",
       "    </tr>\n",
       "    <tr>\n",
       "      <th>4</th>\n",
       "      <td>Kurtosis</td>\n",
       "      <td>9.260151</td>\n",
       "      <td>-0.195741</td>\n",
       "      <td>0.000000e+00</td>\n",
       "      <td>0.407448</td>\n",
       "      <td>0.000000e+00</td>\n",
       "      <td>0.693867</td>\n",
       "    </tr>\n",
       "    <tr>\n",
       "      <th>14</th>\n",
       "      <td>RangeCountPercentage</td>\n",
       "      <td>12.103152</td>\n",
       "      <td>-0.057688</td>\n",
       "      <td>2.933358e-56</td>\n",
       "      <td>0.117956</td>\n",
       "      <td>3.002214e-155</td>\n",
       "      <td>0.557128</td>\n",
       "    </tr>\n",
       "    <tr>\n",
       "      <th>0</th>\n",
       "      <td>Mean</td>\n",
       "      <td>39.554917</td>\n",
       "      <td>-0.001799</td>\n",
       "      <td>6.223813e-01</td>\n",
       "      <td>0.003673</td>\n",
       "      <td>1.041989e-27</td>\n",
       "      <td>0.523486</td>\n",
       "    </tr>\n",
       "    <tr>\n",
       "      <th>9</th>\n",
       "      <td>LinearSlope</td>\n",
       "      <td>318.138579</td>\n",
       "      <td>0.003253</td>\n",
       "      <td>3.731824e-01</td>\n",
       "      <td>0.006641</td>\n",
       "      <td>2.593583e-03</td>\n",
       "      <td>0.506485</td>\n",
       "    </tr>\n",
       "    <tr>\n",
       "      <th>24</th>\n",
       "      <td>DetailPower</td>\n",
       "      <td>32724.930987</td>\n",
       "      <td>-0.005634</td>\n",
       "      <td>1.230299e-01</td>\n",
       "      <td>0.011501</td>\n",
       "      <td>0.000000e+00</td>\n",
       "      <td>0.856356</td>\n",
       "    </tr>\n",
       "  </tbody>\n",
       "</table>\n",
       "</div>"
      ],
      "text/plain": [
       "                        Feature           DBI  Correlation r      T-test p  \\\n",
       "1                 MeanCrossRate      1.162966      -0.516103  0.000000e+00   \n",
       "23              SpectralEntropy      1.255501      -0.510837  0.000000e+00   \n",
       "13  ComplexityInvariantDistance      1.267872      -0.539467  0.000000e+00   \n",
       "8               Autocorrelation      1.307178       0.532574  0.000000e+00   \n",
       "6                           IQR      1.309579       0.411281  0.000000e+00   \n",
       "22             SpectralFlatness      1.316660      -0.521933  0.000000e+00   \n",
       "5                         Range      1.317883       0.389035  0.000000e+00   \n",
       "2                        StdDev      1.328613       0.380355  0.000000e+00   \n",
       "7                           RMS      1.328613       0.380355  0.000000e+00   \n",
       "12           PermutationEntropy      1.492345      -0.546277  0.000000e+00   \n",
       "21             PowerSpectralSum      2.323061       0.313658  0.000000e+00   \n",
       "17            DimensionlessJerk      2.342426       0.306594  0.000000e+00   \n",
       "20       DominantFrequencyValue      2.437253      -0.369900  0.000000e+00   \n",
       "16                   JerkMetric      2.581774      -0.359730  0.000000e+00   \n",
       "18                        SPARC      3.090750       0.254231  0.000000e+00   \n",
       "25             DetailPowerRatio      3.323398       0.188936  0.000000e+00   \n",
       "19            DominantFrequency      3.747486      -0.026219  7.076821e-13   \n",
       "15            RatioBeyondRSigma      4.949729      -0.247302  0.000000e+00   \n",
       "10                SignalEntropy      5.935198      -0.055558  2.635879e-52   \n",
       "11                SampleEntropy      6.316499       0.053117  5.888854e-48   \n",
       "3                      Skewness      7.428298       0.150452  0.000000e+00   \n",
       "4                      Kurtosis      9.260151      -0.195741  0.000000e+00   \n",
       "14         RangeCountPercentage     12.103152      -0.057688  2.933358e-56   \n",
       "0                          Mean     39.554917      -0.001799  6.223813e-01   \n",
       "9                   LinearSlope    318.138579       0.003253  3.731824e-01   \n",
       "24                  DetailPower  32724.930987      -0.005634  1.230299e-01   \n",
       "\n",
       "    Cohens d     MWU-test p       AUC  \n",
       "1   1.229993   0.000000e+00  0.814807  \n",
       "23  1.212979   0.000000e+00  0.808381  \n",
       "13  1.307845   0.000000e+00  0.826914  \n",
       "8   1.284455   0.000000e+00  0.826905  \n",
       "6   0.921054   0.000000e+00  0.902851  \n",
       "22  1.249047   0.000000e+00  0.818776  \n",
       "5   0.862047   0.000000e+00  0.895833  \n",
       "2   0.839516   0.000000e+00  0.898837  \n",
       "7   0.839516   0.000000e+00  0.898837  \n",
       "12  1.331315   0.000000e+00  0.834840  \n",
       "21  0.674296   0.000000e+00  0.693664  \n",
       "17  0.657516   0.000000e+00  0.706172  \n",
       "20  0.812721   0.000000e+00  0.768044  \n",
       "16  0.787000   0.000000e+00  0.706172  \n",
       "18  0.536591   0.000000e+00  0.655897  \n",
       "25  0.392749   0.000000e+00  0.689765  \n",
       "19  0.053539   1.635925e-93  0.543618  \n",
       "15  0.521001   0.000000e+00  0.636552  \n",
       "10  0.113586   0.000000e+00  0.592766  \n",
       "11  0.108580   0.000000e+00  0.792815  \n",
       "3   0.310654   0.000000e+00  0.611713  \n",
       "4   0.407448   0.000000e+00  0.693867  \n",
       "14  0.117956  3.002214e-155  0.557128  \n",
       "0   0.003673   1.041989e-27  0.523486  \n",
       "9   0.006641   2.593583e-03  0.506485  \n",
       "24  0.011501   0.000000e+00  0.856356  "
      ]
     },
     "execution_count": 20,
     "metadata": {},
     "output_type": "execute_result"
    }
   ],
   "source": [
    "sep_df.sort_values('DBI')"
   ]
  },
  {
   "cell_type": "code",
   "execution_count": 21,
   "metadata": {},
   "outputs": [
    {
     "data": {
      "text/html": [
       "<div>\n",
       "<style scoped>\n",
       "    .dataframe tbody tr th:only-of-type {\n",
       "        vertical-align: middle;\n",
       "    }\n",
       "\n",
       "    .dataframe tbody tr th {\n",
       "        vertical-align: top;\n",
       "    }\n",
       "\n",
       "    .dataframe thead th {\n",
       "        text-align: right;\n",
       "    }\n",
       "</style>\n",
       "<table border=\"1\" class=\"dataframe\">\n",
       "  <thead>\n",
       "    <tr style=\"text-align: right;\">\n",
       "      <th></th>\n",
       "      <th>Feature</th>\n",
       "      <th>DBI</th>\n",
       "      <th>Correlation r</th>\n",
       "      <th>T-test p</th>\n",
       "      <th>Cohens d</th>\n",
       "      <th>MWU-test p</th>\n",
       "      <th>AUC</th>\n",
       "    </tr>\n",
       "  </thead>\n",
       "  <tbody>\n",
       "    <tr>\n",
       "      <th>12</th>\n",
       "      <td>PermutationEntropy</td>\n",
       "      <td>1.492345</td>\n",
       "      <td>-0.546277</td>\n",
       "      <td>0.000000e+00</td>\n",
       "      <td>1.331315</td>\n",
       "      <td>0.000000e+00</td>\n",
       "      <td>0.834840</td>\n",
       "    </tr>\n",
       "    <tr>\n",
       "      <th>13</th>\n",
       "      <td>ComplexityInvariantDistance</td>\n",
       "      <td>1.267872</td>\n",
       "      <td>-0.539467</td>\n",
       "      <td>0.000000e+00</td>\n",
       "      <td>1.307845</td>\n",
       "      <td>0.000000e+00</td>\n",
       "      <td>0.826914</td>\n",
       "    </tr>\n",
       "    <tr>\n",
       "      <th>8</th>\n",
       "      <td>Autocorrelation</td>\n",
       "      <td>1.307178</td>\n",
       "      <td>0.532574</td>\n",
       "      <td>0.000000e+00</td>\n",
       "      <td>1.284455</td>\n",
       "      <td>0.000000e+00</td>\n",
       "      <td>0.826905</td>\n",
       "    </tr>\n",
       "    <tr>\n",
       "      <th>22</th>\n",
       "      <td>SpectralFlatness</td>\n",
       "      <td>1.316660</td>\n",
       "      <td>-0.521933</td>\n",
       "      <td>0.000000e+00</td>\n",
       "      <td>1.249047</td>\n",
       "      <td>0.000000e+00</td>\n",
       "      <td>0.818776</td>\n",
       "    </tr>\n",
       "    <tr>\n",
       "      <th>1</th>\n",
       "      <td>MeanCrossRate</td>\n",
       "      <td>1.162966</td>\n",
       "      <td>-0.516103</td>\n",
       "      <td>0.000000e+00</td>\n",
       "      <td>1.229993</td>\n",
       "      <td>0.000000e+00</td>\n",
       "      <td>0.814807</td>\n",
       "    </tr>\n",
       "    <tr>\n",
       "      <th>23</th>\n",
       "      <td>SpectralEntropy</td>\n",
       "      <td>1.255501</td>\n",
       "      <td>-0.510837</td>\n",
       "      <td>0.000000e+00</td>\n",
       "      <td>1.212979</td>\n",
       "      <td>0.000000e+00</td>\n",
       "      <td>0.808381</td>\n",
       "    </tr>\n",
       "    <tr>\n",
       "      <th>6</th>\n",
       "      <td>IQR</td>\n",
       "      <td>1.309579</td>\n",
       "      <td>0.411281</td>\n",
       "      <td>0.000000e+00</td>\n",
       "      <td>0.921054</td>\n",
       "      <td>0.000000e+00</td>\n",
       "      <td>0.902851</td>\n",
       "    </tr>\n",
       "    <tr>\n",
       "      <th>5</th>\n",
       "      <td>Range</td>\n",
       "      <td>1.317883</td>\n",
       "      <td>0.389035</td>\n",
       "      <td>0.000000e+00</td>\n",
       "      <td>0.862047</td>\n",
       "      <td>0.000000e+00</td>\n",
       "      <td>0.895833</td>\n",
       "    </tr>\n",
       "    <tr>\n",
       "      <th>7</th>\n",
       "      <td>RMS</td>\n",
       "      <td>1.328613</td>\n",
       "      <td>0.380355</td>\n",
       "      <td>0.000000e+00</td>\n",
       "      <td>0.839516</td>\n",
       "      <td>0.000000e+00</td>\n",
       "      <td>0.898837</td>\n",
       "    </tr>\n",
       "    <tr>\n",
       "      <th>2</th>\n",
       "      <td>StdDev</td>\n",
       "      <td>1.328613</td>\n",
       "      <td>0.380355</td>\n",
       "      <td>0.000000e+00</td>\n",
       "      <td>0.839516</td>\n",
       "      <td>0.000000e+00</td>\n",
       "      <td>0.898837</td>\n",
       "    </tr>\n",
       "    <tr>\n",
       "      <th>20</th>\n",
       "      <td>DominantFrequencyValue</td>\n",
       "      <td>2.437253</td>\n",
       "      <td>-0.369900</td>\n",
       "      <td>0.000000e+00</td>\n",
       "      <td>0.812721</td>\n",
       "      <td>0.000000e+00</td>\n",
       "      <td>0.768044</td>\n",
       "    </tr>\n",
       "    <tr>\n",
       "      <th>16</th>\n",
       "      <td>JerkMetric</td>\n",
       "      <td>2.581774</td>\n",
       "      <td>-0.359730</td>\n",
       "      <td>0.000000e+00</td>\n",
       "      <td>0.787000</td>\n",
       "      <td>0.000000e+00</td>\n",
       "      <td>0.706172</td>\n",
       "    </tr>\n",
       "    <tr>\n",
       "      <th>21</th>\n",
       "      <td>PowerSpectralSum</td>\n",
       "      <td>2.323061</td>\n",
       "      <td>0.313658</td>\n",
       "      <td>0.000000e+00</td>\n",
       "      <td>0.674296</td>\n",
       "      <td>0.000000e+00</td>\n",
       "      <td>0.693664</td>\n",
       "    </tr>\n",
       "    <tr>\n",
       "      <th>17</th>\n",
       "      <td>DimensionlessJerk</td>\n",
       "      <td>2.342426</td>\n",
       "      <td>0.306594</td>\n",
       "      <td>0.000000e+00</td>\n",
       "      <td>0.657516</td>\n",
       "      <td>0.000000e+00</td>\n",
       "      <td>0.706172</td>\n",
       "    </tr>\n",
       "    <tr>\n",
       "      <th>18</th>\n",
       "      <td>SPARC</td>\n",
       "      <td>3.090750</td>\n",
       "      <td>0.254231</td>\n",
       "      <td>0.000000e+00</td>\n",
       "      <td>0.536591</td>\n",
       "      <td>0.000000e+00</td>\n",
       "      <td>0.655897</td>\n",
       "    </tr>\n",
       "    <tr>\n",
       "      <th>15</th>\n",
       "      <td>RatioBeyondRSigma</td>\n",
       "      <td>4.949729</td>\n",
       "      <td>-0.247302</td>\n",
       "      <td>0.000000e+00</td>\n",
       "      <td>0.521001</td>\n",
       "      <td>0.000000e+00</td>\n",
       "      <td>0.636552</td>\n",
       "    </tr>\n",
       "    <tr>\n",
       "      <th>4</th>\n",
       "      <td>Kurtosis</td>\n",
       "      <td>9.260151</td>\n",
       "      <td>-0.195741</td>\n",
       "      <td>0.000000e+00</td>\n",
       "      <td>0.407448</td>\n",
       "      <td>0.000000e+00</td>\n",
       "      <td>0.693867</td>\n",
       "    </tr>\n",
       "    <tr>\n",
       "      <th>25</th>\n",
       "      <td>DetailPowerRatio</td>\n",
       "      <td>3.323398</td>\n",
       "      <td>0.188936</td>\n",
       "      <td>0.000000e+00</td>\n",
       "      <td>0.392749</td>\n",
       "      <td>0.000000e+00</td>\n",
       "      <td>0.689765</td>\n",
       "    </tr>\n",
       "    <tr>\n",
       "      <th>3</th>\n",
       "      <td>Skewness</td>\n",
       "      <td>7.428298</td>\n",
       "      <td>0.150452</td>\n",
       "      <td>0.000000e+00</td>\n",
       "      <td>0.310654</td>\n",
       "      <td>0.000000e+00</td>\n",
       "      <td>0.611713</td>\n",
       "    </tr>\n",
       "    <tr>\n",
       "      <th>14</th>\n",
       "      <td>RangeCountPercentage</td>\n",
       "      <td>12.103152</td>\n",
       "      <td>-0.057688</td>\n",
       "      <td>2.933358e-56</td>\n",
       "      <td>0.117956</td>\n",
       "      <td>3.002214e-155</td>\n",
       "      <td>0.557128</td>\n",
       "    </tr>\n",
       "    <tr>\n",
       "      <th>10</th>\n",
       "      <td>SignalEntropy</td>\n",
       "      <td>5.935198</td>\n",
       "      <td>-0.055558</td>\n",
       "      <td>2.635879e-52</td>\n",
       "      <td>0.113586</td>\n",
       "      <td>0.000000e+00</td>\n",
       "      <td>0.592766</td>\n",
       "    </tr>\n",
       "    <tr>\n",
       "      <th>11</th>\n",
       "      <td>SampleEntropy</td>\n",
       "      <td>6.316499</td>\n",
       "      <td>0.053117</td>\n",
       "      <td>5.888854e-48</td>\n",
       "      <td>0.108580</td>\n",
       "      <td>0.000000e+00</td>\n",
       "      <td>0.792815</td>\n",
       "    </tr>\n",
       "    <tr>\n",
       "      <th>19</th>\n",
       "      <td>DominantFrequency</td>\n",
       "      <td>3.747486</td>\n",
       "      <td>-0.026219</td>\n",
       "      <td>7.076821e-13</td>\n",
       "      <td>0.053539</td>\n",
       "      <td>1.635925e-93</td>\n",
       "      <td>0.543618</td>\n",
       "    </tr>\n",
       "    <tr>\n",
       "      <th>24</th>\n",
       "      <td>DetailPower</td>\n",
       "      <td>32724.930987</td>\n",
       "      <td>-0.005634</td>\n",
       "      <td>1.230299e-01</td>\n",
       "      <td>0.011501</td>\n",
       "      <td>0.000000e+00</td>\n",
       "      <td>0.856356</td>\n",
       "    </tr>\n",
       "    <tr>\n",
       "      <th>9</th>\n",
       "      <td>LinearSlope</td>\n",
       "      <td>318.138579</td>\n",
       "      <td>0.003253</td>\n",
       "      <td>3.731824e-01</td>\n",
       "      <td>0.006641</td>\n",
       "      <td>2.593583e-03</td>\n",
       "      <td>0.506485</td>\n",
       "    </tr>\n",
       "    <tr>\n",
       "      <th>0</th>\n",
       "      <td>Mean</td>\n",
       "      <td>39.554917</td>\n",
       "      <td>-0.001799</td>\n",
       "      <td>6.223813e-01</td>\n",
       "      <td>0.003673</td>\n",
       "      <td>1.041989e-27</td>\n",
       "      <td>0.523486</td>\n",
       "    </tr>\n",
       "  </tbody>\n",
       "</table>\n",
       "</div>"
      ],
      "text/plain": [
       "                        Feature           DBI  Correlation r      T-test p  \\\n",
       "12           PermutationEntropy      1.492345      -0.546277  0.000000e+00   \n",
       "13  ComplexityInvariantDistance      1.267872      -0.539467  0.000000e+00   \n",
       "8               Autocorrelation      1.307178       0.532574  0.000000e+00   \n",
       "22             SpectralFlatness      1.316660      -0.521933  0.000000e+00   \n",
       "1                 MeanCrossRate      1.162966      -0.516103  0.000000e+00   \n",
       "23              SpectralEntropy      1.255501      -0.510837  0.000000e+00   \n",
       "6                           IQR      1.309579       0.411281  0.000000e+00   \n",
       "5                         Range      1.317883       0.389035  0.000000e+00   \n",
       "7                           RMS      1.328613       0.380355  0.000000e+00   \n",
       "2                        StdDev      1.328613       0.380355  0.000000e+00   \n",
       "20       DominantFrequencyValue      2.437253      -0.369900  0.000000e+00   \n",
       "16                   JerkMetric      2.581774      -0.359730  0.000000e+00   \n",
       "21             PowerSpectralSum      2.323061       0.313658  0.000000e+00   \n",
       "17            DimensionlessJerk      2.342426       0.306594  0.000000e+00   \n",
       "18                        SPARC      3.090750       0.254231  0.000000e+00   \n",
       "15            RatioBeyondRSigma      4.949729      -0.247302  0.000000e+00   \n",
       "4                      Kurtosis      9.260151      -0.195741  0.000000e+00   \n",
       "25             DetailPowerRatio      3.323398       0.188936  0.000000e+00   \n",
       "3                      Skewness      7.428298       0.150452  0.000000e+00   \n",
       "14         RangeCountPercentage     12.103152      -0.057688  2.933358e-56   \n",
       "10                SignalEntropy      5.935198      -0.055558  2.635879e-52   \n",
       "11                SampleEntropy      6.316499       0.053117  5.888854e-48   \n",
       "19            DominantFrequency      3.747486      -0.026219  7.076821e-13   \n",
       "24                  DetailPower  32724.930987      -0.005634  1.230299e-01   \n",
       "9                   LinearSlope    318.138579       0.003253  3.731824e-01   \n",
       "0                          Mean     39.554917      -0.001799  6.223813e-01   \n",
       "\n",
       "    Cohens d     MWU-test p       AUC  \n",
       "12  1.331315   0.000000e+00  0.834840  \n",
       "13  1.307845   0.000000e+00  0.826914  \n",
       "8   1.284455   0.000000e+00  0.826905  \n",
       "22  1.249047   0.000000e+00  0.818776  \n",
       "1   1.229993   0.000000e+00  0.814807  \n",
       "23  1.212979   0.000000e+00  0.808381  \n",
       "6   0.921054   0.000000e+00  0.902851  \n",
       "5   0.862047   0.000000e+00  0.895833  \n",
       "7   0.839516   0.000000e+00  0.898837  \n",
       "2   0.839516   0.000000e+00  0.898837  \n",
       "20  0.812721   0.000000e+00  0.768044  \n",
       "16  0.787000   0.000000e+00  0.706172  \n",
       "21  0.674296   0.000000e+00  0.693664  \n",
       "17  0.657516   0.000000e+00  0.706172  \n",
       "18  0.536591   0.000000e+00  0.655897  \n",
       "15  0.521001   0.000000e+00  0.636552  \n",
       "4   0.407448   0.000000e+00  0.693867  \n",
       "25  0.392749   0.000000e+00  0.689765  \n",
       "3   0.310654   0.000000e+00  0.611713  \n",
       "14  0.117956  3.002214e-155  0.557128  \n",
       "10  0.113586   0.000000e+00  0.592766  \n",
       "11  0.108580   0.000000e+00  0.792815  \n",
       "19  0.053539   1.635925e-93  0.543618  \n",
       "24  0.011501   0.000000e+00  0.856356  \n",
       "9   0.006641   2.593583e-03  0.506485  \n",
       "0   0.003673   1.041989e-27  0.523486  "
      ]
     },
     "execution_count": 21,
     "metadata": {},
     "output_type": "execute_result"
    }
   ],
   "source": [
    "sep_df.sort_values('Cohens d', ascending=False)"
   ]
  },
  {
   "cell_type": "code",
   "execution_count": 22,
   "metadata": {},
   "outputs": [
    {
     "data": {
      "text/html": [
       "<div>\n",
       "<style scoped>\n",
       "    .dataframe tbody tr th:only-of-type {\n",
       "        vertical-align: middle;\n",
       "    }\n",
       "\n",
