{
 "cells": [
  {
   "cell_type": "code",
   "execution_count": 1,
   "metadata": {},
   "outputs": [],
   "source": [
    "%matplotlib widget"
   ]
  },
  {
   "cell_type": "code",
   "execution_count": 2,
   "metadata": {},
   "outputs": [],
   "source": [
    "import numpy as np\n",
    "import pandas as pd\n",
    "import matplotlib.pyplot as plt\n",
    "import seaborn as sns\n",
    "from pathlib import Path\n",
    "import sys\n",
    "\n",
    "from PfyMU.gait.train_classifier.core import load_datasets"
   ]
  },
  {
   "cell_type": "code",
   "execution_count": 3,
   "metadata": {},
   "outputs": [],
   "source": [
    "gait_sets_path = Path('/Users/adamol/Documents/Datasets/gait/processed')\n",
    "\n",
    "datasets = [\n",
    "    gait_sets_path / 'bluesky2',\n",
    "    gait_sets_path / 'daliac',\n",
    "    gait_sets_path / 'ltmm',\n",
    "    gait_sets_path / 'usc-had'\n",
    "]\n",
    "\n",
    "X, subjects, Y = load_datasets(datasets, goal_fs=50.0, acc_mag=True, window_length=3.0, window_step=0.5)"
   ]
  },
  {
   "cell_type": "code",
   "execution_count": null,
   "metadata": {},
   "outputs": [],
   "source": []
  },
  {
   "cell_type": "markdown",
   "metadata": {},
   "source": [
    "## Dataset class summary"
   ]
  },
  {
   "cell_type": "code",
   "execution_count": 4,
   "metadata": {},
   "outputs": [
    {
     "name": "stdout",
     "output_type": "stream",
     "text": [
      "Total samples (3.0s windows):  82308\n",
      "Total walking samples:  15345\n",
      "Total non-walking samples:  66963 \n",
      "\n",
      "% walking samples: 18.64\n"
     ]
    }
   ],
   "source": [
    "print('Total samples (3.0s windows): ', Y.size)\n",
    "print('Total walking samples: ', Y.sum())\n",
    "print('Total non-walking samples: ', Y.size - Y.sum(), '\\n')\n",
    "print(f'% walking samples: {Y.sum() / Y.size * 100:.2f}')"
   ]
  },
  {
   "cell_type": "markdown",
   "metadata": {},
   "source": [
    "## Feature Generation"
   ]
  },
  {
   "cell_type": "code",
   "execution_count": 5,
   "metadata": {},
   "outputs": [],
   "source": [
    "from PfyMU.features import *"
   ]
  },
  {
   "cell_type": "code",
   "execution_count": 6,
   "metadata": {},
   "outputs": [],
   "source": [
    "FB = Bank(window_length=None, window_step=None)\n",
    "\n",
    "# add features\n",
    "FB + Mean()\n",
    "FB + MeanCrossRate()\n",
    "FB + StdDev()\n",
    "FB + Skewness()\n",
    "FB + Kurtosis()\n",
    "FB + Range()\n",
    "FB + IQR()\n",
    "FB + RMS()\n",
    "FB + Autocorrelation(lag=1, normalize=True)\n",
    "FB + LinearSlope()\n",
    "FB + SignalEntropy()\n",
    "FB + SampleEntropy(m=4, r=1.0)\n",
    "FB + PermutationEntropy(order=3, delay=1, normalize=True)\n",
    "FB + ComplexityInvariantDistance(normalize=True)\n",
    "FB + RangeCountPercentage(range_min=0, range_max=1.0)\n",
    "FB + RatioBeyondRSigma(r=2.0)\n",
    "FB + JerkMetric(normalize=True)\n",
    "FB + DimensionlessJerk(log=True, signal_type='acceleration')\n",
    "FB + SPARC()\n",
    "FB + DominantFrequency(low_cutoff=0.25, high_cutoff=5.0)\n",
    "FB + DominantFrequencyValue(low_cutoff=0.25, high_cutoff=5.0)\n",
    "FB + PowerSpectralSum(low_cutoff=0.25, high_cutoff=5.0)\n",
    "FB + SpectralFlatness(low_cutoff=0.25, high_cutoff=5.0)\n",
    "FB + SpectralEntropy(low_cutoff=0.25, high_cutoff=5.0)\n",
    "FB + DetailPower(wavelet='coif4', freq_band=[1.0, 3.0])\n",
    "FB + DetailPowerRatio(wavelet='coif4', freq_band=[1.0, 3.0])"
   ]
  },
  {
   "cell_type": "code",
   "execution_count": 7,
   "metadata": {},
   "outputs": [
    {
     "name": "stderr",
     "output_type": "stream",
     "text": [
      "/Users/adamol/opt/miniconda3/envs/pfymu/lib/python3.8/site-packages/pywt/_multilevel.py:43: UserWarning: Level value of 6 is too high: all coefficients will experience boundary effects.\n",
      "  warnings.warn(\n"
     ]
    }
   ],
   "source": [
    "X_feat = FB.compute(X, fs=50.0, windowed=True)"
   ]
  },
  {
   "cell_type": "markdown",
   "metadata": {},
   "source": [
    "## Feature Exploration"
   ]
  },
  {
   "cell_type": "code",
   "execution_count": 8,
   "metadata": {},
   "outputs": [],
   "source": [
    "feats = pd.DataFrame(data=X_feat, columns=[i.parent._name for i in FB._feat_list])\n",
    "feats['Labels'] = Y\n",
    "\n",
    "feat_names = [i.parent._name for i in FB._feat_list]"
   ]
  },
  {
   "cell_type": "markdown",
   "metadata": {},
   "source": [
    "### Feature distributions"
   ]
  },
  {
   "cell_type": "code",
   "execution_count": 9,
   "metadata": {
    "jupyter": {
     "source_hidden": true
    }
   },
   "outputs": [
    {
     "data": {
      "application/vnd.jupyter.widget-view+json": {
       "model_id": "6011e90fdecb40a2b936df2f69bf692e",
       "version_major": 2,
       "version_minor": 0
      },
      "text/plain": [
       "Canvas(toolbar=Toolbar(toolitems=[('Home', 'Reset original view', 'home', 'home'), ('Back', 'Back to previous …"
      ]
     },
     "metadata": {},
     "output_type": "display_data"
    }
   ],
   "source": [
    "plt.close('all')\n",
    "\n",
    "f, ax = plt.subplots(nrows=7, ncols=4, figsize=(10, 10), sharex=True)\n",
    "\n",
    "j, k = 0, 0\n",
    "for i, ft in enumerate([i.parent._name for i in FB._feat_list]):\n",
    "    if k > 3:\n",
    "        j += 1\n",
    "        k  = 0\n",
    "    sns.violinplot(x='Labels', y=ft, data=feats, ax=ax[j, k])\n",
    "    ax[j, k].set_ylabel(None)\n",
    "    ax[j, k].set_title(ft)\n",
    "    ax[j, k].set_xlabel(None)\n",
    "    \n",
    "    k += 1\n",
    "\n",
    "for k in range(4):\n",
    "    ax[-1, k].set_xticklabels(['NG', 'G'])\n",
    "\n",
    "f.tight_layout()"
   ]
  },
  {
   "cell_type": "markdown",
   "metadata": {},
   "source": [
    "### Predictive Power Score"
   ]
  },
  {
   "cell_type": "code",
   "execution_count": 10,
   "metadata": {},
   "outputs": [],
   "source": [
    "import ppscore"
   ]
  },
  {
   "cell_type": "code",
   "execution_count": 11,
   "metadata": {},
   "outputs": [
    {
     "data": {
      "application/vnd.jupyter.widget-view+json": {
       "model_id": "eb5db8499af4481aa7448fc6df4df3d7",
       "version_major": 2,
       "version_minor": 0
      },
      "text/plain": [
       "Canvas(toolbar=Toolbar(toolitems=[('Home', 'Reset original view', 'home', 'home'), ('Back', 'Back to previous …"
      ]
     },
     "metadata": {},
     "output_type": "display_data"
    }
   ],
   "source": [
    "df_predictors = ppscore.predictors(feats, 'Labels', output='df')\n",
    "plt.figure()\n",
    "ax = sns.barplot(data=df_predictors, x=\"x\", y=\"ppscore\")\n",
    "ax.set_xticklabels(ax.get_xticklabels(), rotation=45, ha=\"right\")\n",
    "plt.tight_layout()"
   ]
  },
  {
   "cell_type": "code",
   "execution_count": 12,
   "metadata": {},
   "outputs": [],
   "source": [
    "pps_matrix = ppscore.matrix(feats)"
   ]
  },
  {
   "cell_type": "code",
   "execution_count": 19,
   "metadata": {},
   "outputs": [
    {
     "data": {
      "application/vnd.jupyter.widget-view+json": {
       "model_id": "4a30bc1664be4cb1a9eaf28653734584",
       "version_major": 2,
       "version_minor": 0
      },
      "text/plain": [
       "Canvas(toolbar=Toolbar(toolitems=[('Home', 'Reset original view', 'home', 'home'), ('Back', 'Back to previous …"
      ]
     },
     "metadata": {},
     "output_type": "display_data"
    }
   ],
   "source": [
    "plt.figure(figsize=(15, 10))\n",
    "sns.heatmap(pps_matrix, vmin=0, vmax=1, cmap=\"Blues\", linewidths=0.5, annot=True)\n",
    "plt.tight_layout()\n",
    "# plt.savefig('PPScore_matrix.pdf')"
   ]
  },
  {
   "cell_type": "code",
   "execution_count": 14,
   "metadata": {},
   "outputs": [],
   "source": [
    "from sklearn.decomposition import PCA"
   ]
  },
  {
   "cell_type": "code",
   "execution_count": 15,
   "metadata": {},
   "outputs": [],
   "source": [
    "pca = PCA(n_components=5)\n",
    "x_pca = pca.fit_transform(feats)"
   ]
  },
  {
   "cell_type": "code",
   "execution_count": 16,
   "metadata": {},
   "outputs": [
    {
     "data": {
      "application/vnd.jupyter.widget-view+json": {
       "model_id": "1ddb35ee926b491a8645ca6ec3add642",
       "version_major": 2,
       "version_minor": 0
      },
      "text/plain": [
       "Canvas(toolbar=Toolbar(toolitems=[('Home', 'Reset original view', 'home', 'home'), ('Back', 'Back to previous …"
      ]
     },
     "metadata": {},
     "output_type": "display_data"
    }
   ],
   "source": [
    "f, ax = plt.subplots(nrows=5, ncols=5, figsize=(10, 6))\n",
    "for i in range(5):\n",
    "    for j in range(5):\n",
    "        ax[i, j].loglog(x_pca[~Y.astype(bool), i], x_pca[~Y.astype(bool), j], '.', color='C0', label='Non-gait')\n",
    "        ax[i, j].loglog(x_pca[Y.astype(bool), i], x_pca[Y.astype(bool), j], '.', color='C1', label='Gait')\n",
    "\n",
    "for i in range(5):\n",
    "    ax[i, 0].set_ylabel(f'PC {i}')\n",
    "for j in range(5):\n",
    "    ax[-1, j].set_xlabel(f'PC {j}')\n",
    "\n",
    "f.tight_layout()"
   ]
  },
  {
   "cell_type": "code",
   "execution_count": 17,
   "metadata": {},
   "outputs": [],
   "source": [
    "from separation_stats import db_2class, corr_select, cohen_d, ttest_select, mwu_select, auc_score"
   ]
  },
  {
   "cell_type": "code",
   "execution_count": 18,
   "metadata": {},
   "outputs": [],
   "source": [
    "sep_df = pd.DataFrame()\n",
    "sep_df['Feature'] = feat_names\n",
    "\n",
    "sep_df['DBI'], db_rank = db_2class(X_feat, Y)\n",
    "sep_df['Correlation r'] = corr_select(X_feat, Y)\n",
    "sep_df['T-test p'], sep_df['Cohens d'] = ttest_select(X_feat, Y)\n",
    "sep_df['MWU-test p'], _ = mwu_select(X_feat, Y)\n",
    "sep_df['AUC'] = auc_score(X_feat, Y)\n",
    "\n",
    "sep_df['Cohens d'] = sep_df['Cohens d'].abs()\n",
    "sep_df['AUC'] = sep_df['AUC'].apply(lambda i: 1 - i if i < 0.5 else i)"
   ]
  },
  {
   "cell_type": "code",
   "execution_count": 20,
   "metadata": {},
   "outputs": [
    {
     "data": {
      "text/html": [
       "<div>\n",
       "<style scoped>\n",
       "    .dataframe tbody tr th:only-of-type {\n",
       "        vertical-align: middle;\n",
       "    }\n",
       "\n",
       "    .dataframe tbody tr th {\n",
       "        vertical-align: top;\n",
       "    }\n",
       "\n",
       "    .dataframe thead th {\n",
       "        text-align: right;\n",
       "    }\n",
       "</style>\n",
       "<table border=\"1\" class=\"dataframe\">\n",
       "  <thead>\n",
       "    <tr style=\"text-align: right;\">\n",
       "      <th></th>\n",
       "      <th>Feature</th>\n",
       "      <th>DBI</th>\n",
       "      <th>Correlation r</th>\n",
       "      <th>T-test p</th>\n",
       "      <th>Cohens d</th>\n",
       "      <th>MWU-test p</th>\n",
       "      <th>AUC</th>\n",
       "    </tr>\n",
       "  </thead>\n",
       "  <tbody>\n",
       "    <tr>\n",
       "      <th>21</th>\n",
       "      <td>PowerSpectralSum</td>\n",
       "      <td>0.576321</td>\n",
       "      <td>-0.661210</td>\n",
       "      <td>0.000000e+00</td>\n",
       "      <td>2.263070</td>\n",
       "      <td>0.000000</td>\n",
       "      <td>0.921700</td>\n",
       "    </tr>\n",
       "    <tr>\n",
       "      <th>20</th>\n",
       "      <td>DominantFrequencyValue</td>\n",
       "      <td>0.580382</td>\n",
       "      <td>-0.580590</td>\n",
       "      <td>0.000000e+00</td>\n",
       "      <td>1.830949</td>\n",
       "      <td>0.000000</td>\n",
       "      <td>0.897360</td>\n",
       "    </tr>\n",
       "    <tr>\n",
       "      <th>17</th>\n",
       "      <td>DimensionlessJerk</td>\n",
       "      <td>0.608611</td>\n",
       "      <td>-0.570703</td>\n",
       "      <td>0.000000e+00</td>\n",
       "      <td>1.784512</td>\n",
       "      <td>0.000000</td>\n",
       "      <td>0.900161</td>\n",
       "    </tr>\n",
       "    <tr>\n",
       "      <th>12</th>\n",
       "      <td>PermutationEntropy</td>\n",
       "      <td>0.734115</td>\n",
       "      <td>-0.612314</td>\n",
       "      <td>0.000000e+00</td>\n",
       "      <td>1.988589</td>\n",
       "      <td>0.000000</td>\n",
       "      <td>0.916372</td>\n",
       "    </tr>\n",
       "    <tr>\n",
       "      <th>19</th>\n",
       "      <td>DominantFrequency</td>\n",
       "      <td>0.753355</td>\n",
       "      <td>0.397789</td>\n",
       "      <td>0.000000e+00</td>\n",
       "      <td>1.113252</td>\n",
       "      <td>0.000000</td>\n",
       "      <td>0.745626</td>\n",
       "    </tr>\n",
       "    <tr>\n",
       "      <th>1</th>\n",
       "      <td>MeanCrossRate</td>\n",
       "      <td>0.768326</td>\n",
       "      <td>-0.528784</td>\n",
       "      <td>0.000000e+00</td>\n",
       "      <td>1.599672</td>\n",
       "      <td>0.000000</td>\n",
       "      <td>0.899688</td>\n",
       "    </tr>\n",
       "    <tr>\n",
       "      <th>23</th>\n",
       "      <td>SpectralEntropy</td>\n",
       "      <td>0.795675</td>\n",
       "      <td>0.560333</td>\n",
       "      <td>0.000000e+00</td>\n",
       "      <td>1.737047</td>\n",
       "      <td>0.000000</td>\n",
       "      <td>0.881460</td>\n",
       "    </tr>\n",
       "    <tr>\n",
       "      <th>13</th>\n",
       "      <td>ComplexityInvariantDistance</td>\n",
       "      <td>0.940949</td>\n",
       "      <td>-0.488800</td>\n",
       "      <td>0.000000e+00</td>\n",
       "      <td>1.438644</td>\n",
       "      <td>0.000000</td>\n",
       "      <td>0.874255</td>\n",
       "    </tr>\n",
       "    <tr>\n",
       "      <th>14</th>\n",
       "      <td>RangeCountPercentage</td>\n",
       "      <td>0.987232</td>\n",
       "      <td>0.368835</td>\n",
       "      <td>0.000000e+00</td>\n",
       "      <td>1.018874</td>\n",
       "      <td>0.000000</td>\n",
       "      <td>0.786030</td>\n",
       "    </tr>\n",
       "    <tr>\n",
       "      <th>22</th>\n",
       "      <td>SpectralFlatness</td>\n",
       "      <td>0.993416</td>\n",
       "      <td>0.439278</td>\n",
       "      <td>0.000000e+00</td>\n",
       "      <td>1.255535</td>\n",
       "      <td>0.000000</td>\n",
       "      <td>0.803157</td>\n",
       "    </tr>\n",
       "    <tr>\n",
       "      <th>8</th>\n",
       "      <td>Autocorrelation</td>\n",
       "      <td>1.100473</td>\n",
       "      <td>0.448261</td>\n",
       "      <td>0.000000e+00</td>\n",
       "      <td>1.287588</td>\n",
       "      <td>0.000000</td>\n",
       "      <td>0.874449</td>\n",
       "    </tr>\n",
       "    <tr>\n",
       "      <th>6</th>\n",
       "      <td>IQR</td>\n",
       "      <td>1.176929</td>\n",
       "      <td>0.317492</td>\n",
       "      <td>0.000000e+00</td>\n",
       "      <td>0.859687</td>\n",
       "      <td>0.000000</td>\n",
       "      <td>0.903084</td>\n",
       "    </tr>\n",
       "    <tr>\n",
       "      <th>7</th>\n",
       "      <td>RMS</td>\n",
       "      <td>1.211330</td>\n",
       "      <td>0.266670</td>\n",
       "      <td>0.000000e+00</td>\n",
       "      <td>0.710441</td>\n",
       "      <td>0.000000</td>\n",
       "      <td>0.898626</td>\n",
       "    </tr>\n",
       "    <tr>\n",
       "      <th>2</th>\n",
       "      <td>StdDev</td>\n",
       "      <td>1.211330</td>\n",
       "      <td>0.266670</td>\n",
       "      <td>0.000000e+00</td>\n",
       "      <td>0.710441</td>\n",
       "      <td>0.000000</td>\n",
       "      <td>0.898626</td>\n",
       "    </tr>\n",
       "    <tr>\n",
       "      <th>16</th>\n",
       "      <td>JerkMetric</td>\n",
       "      <td>1.269824</td>\n",
       "      <td>0.308233</td>\n",
       "      <td>0.000000e+00</td>\n",
       "      <td>0.831941</td>\n",
       "      <td>0.000000</td>\n",
       "      <td>0.900161</td>\n",
       "    </tr>\n",
       "    <tr>\n",
       "      <th>5</th>\n",
       "      <td>Range</td>\n",
       "      <td>1.286084</td>\n",
       "      <td>0.265782</td>\n",
       "      <td>0.000000e+00</td>\n",
       "      <td>0.707897</td>\n",
       "      <td>0.000000</td>\n",
       "      <td>0.893681</td>\n",
       "    </tr>\n",
       "    <tr>\n",
       "      <th>18</th>\n",
       "      <td>SPARC</td>\n",
       "      <td>1.474317</td>\n",
       "      <td>-0.258088</td>\n",
       "      <td>0.000000e+00</td>\n",
       "      <td>0.685918</td>\n",
       "      <td>0.000000</td>\n",
       "      <td>0.866256</td>\n",
       "    </tr>\n",
       "    <tr>\n",
       "      <th>10</th>\n",
       "      <td>SignalEntropy</td>\n",
       "      <td>1.649660</td>\n",
       "      <td>-0.193839</td>\n",
       "      <td>0.000000e+00</td>\n",
       "      <td>0.507335</td>\n",
       "      <td>0.000000</td>\n",
       "      <td>0.722157</td>\n",
       "    </tr>\n",
       "    <tr>\n",
       "      <th>25</th>\n",
       "      <td>DetailPowerRatio</td>\n",
       "      <td>2.353642</td>\n",
       "      <td>0.201746</td>\n",
       "      <td>0.000000e+00</td>\n",
       "      <td>0.528888</td>\n",
       "      <td>0.000000</td>\n",
       "      <td>0.901499</td>\n",
       "    </tr>\n",
       "    <tr>\n",
       "      <th>3</th>\n",
       "      <td>Skewness</td>\n",
       "      <td>3.132754</td>\n",
       "      <td>0.167374</td>\n",
       "      <td>0.000000e+00</td>\n",
       "      <td>0.435906</td>\n",
       "      <td>0.000000</td>\n",
       "      <td>0.707366</td>\n",
       "    </tr>\n",
       "    <tr>\n",
       "      <th>15</th>\n",
       "      <td>RatioBeyondRSigma</td>\n",
       "      <td>4.009592</td>\n",
       "      <td>-0.240832</td>\n",
       "      <td>0.000000e+00</td>\n",
       "      <td>0.637125</td>\n",
       "      <td>0.000000</td>\n",
       "      <td>0.639470</td>\n",
       "    </tr>\n",
       "    <tr>\n",
       "      <th>24</th>\n",
       "      <td>DetailPower</td>\n",
       "      <td>4.942013</td>\n",
       "      <td>0.045775</td>\n",
       "      <td>1.963653e-39</td>\n",
       "      <td>0.117657</td>\n",
       "      <td>0.000000</td>\n",
       "      <td>0.898490</td>\n",
       "    </tr>\n",
       "    <tr>\n",
       "      <th>0</th>\n",
       "      <td>Mean</td>\n",
       "      <td>4.991426</td>\n",
       "      <td>0.026854</td>\n",
       "      <td>1.302348e-14</td>\n",
       "      <td>0.068977</td>\n",
       "      <td>0.000000</td>\n",
       "      <td>0.776699</td>\n",
       "    </tr>\n",
       "    <tr>\n",
       "      <th>11</th>\n",
       "      <td>SampleEntropy</td>\n",
       "      <td>5.852258</td>\n",
       "      <td>0.049946</td>\n",
       "      <td>1.268785e-46</td>\n",
       "      <td>0.128404</td>\n",
       "      <td>0.000000</td>\n",
       "      <td>0.793549</td>\n",
       "    </tr>\n",
       "    <tr>\n",
       "      <th>4</th>\n",
       "      <td>Kurtosis</td>\n",
       "      <td>31.837557</td>\n",
       "      <td>-0.090819</td>\n",
       "      <td>2.892315e-150</td>\n",
       "      <td>0.234158</td>\n",
       "      <td>0.000000</td>\n",
       "      <td>0.621706</td>\n",
       "    </tr>\n",
       "    <tr>\n",
       "      <th>9</th>\n",
       "      <td>LinearSlope</td>\n",
       "      <td>991.709380</td>\n",
       "      <td>0.008996</td>\n",
       "      <td>9.854283e-03</td>\n",
       "      <td>0.023099</td>\n",
       "      <td>0.642926</td>\n",
       "      <td>0.501198</td>\n",
       "    </tr>\n",
       "  </tbody>\n",
       "</table>\n",
       "</div>"
      ],
      "text/plain": [
       "                        Feature         DBI  Correlation r       T-test p  \\\n",
       "21             PowerSpectralSum    0.576321      -0.661210   0.000000e+00   \n",
       "20       DominantFrequencyValue    0.580382      -0.580590   0.000000e+00   \n",
       "17            DimensionlessJerk    0.608611      -0.570703   0.000000e+00   \n",
       "12           PermutationEntropy    0.734115      -0.612314   0.000000e+00   \n",
       "19            DominantFrequency    0.753355       0.397789   0.000000e+00   \n",
       "1                 MeanCrossRate    0.768326      -0.528784   0.000000e+00   \n",
       "23              SpectralEntropy    0.795675       0.560333   0.000000e+00   \n",
       "13  ComplexityInvariantDistance    0.940949      -0.488800   0.000000e+00   \n",
       "14         RangeCountPercentage    0.987232       0.368835   0.000000e+00   \n",
       "22             SpectralFlatness    0.993416       0.439278   0.000000e+00   \n",
       "8               Autocorrelation    1.100473       0.448261   0.000000e+00   \n",
       "6                           IQR    1.176929       0.317492   0.000000e+00   \n",
       "7                           RMS    1.211330       0.266670   0.000000e+00   \n",
       "2                        StdDev    1.211330       0.266670   0.000000e+00   \n",
       "16                   JerkMetric    1.269824       0.308233   0.000000e+00   \n",
       "5                         Range    1.286084       0.265782   0.000000e+00   \n",
       "18                        SPARC    1.474317      -0.258088   0.000000e+00   \n",
       "10                SignalEntropy    1.649660      -0.193839   0.000000e+00   \n",
       "25             DetailPowerRatio    2.353642       0.201746   0.000000e+00   \n",
       "3                      Skewness    3.132754       0.167374   0.000000e+00   \n",
       "15            RatioBeyondRSigma    4.009592      -0.240832   0.000000e+00   \n",
       "24                  DetailPower    4.942013       0.045775   1.963653e-39   \n",
       "0                          Mean    4.991426       0.026854   1.302348e-14   \n",
       "11                SampleEntropy    5.852258       0.049946   1.268785e-46   \n",
       "4                      Kurtosis   31.837557      -0.090819  2.892315e-150   \n",
       "9                   LinearSlope  991.709380       0.008996   9.854283e-03   \n",
       "\n",
       "    Cohens d  MWU-test p       AUC  \n",
       "21  2.263070    0.000000  0.921700  \n",
       "20  1.830949    0.000000  0.897360  \n",
       "17  1.784512    0.000000  0.900161  \n",
       "12  1.988589    0.000000  0.916372  \n",
       "19  1.113252    0.000000  0.745626  \n",
       "1   1.599672    0.000000  0.899688  \n",
       "23  1.737047    0.000000  0.881460  \n",
       "13  1.438644    0.000000  0.874255  \n",
       "14  1.018874    0.000000  0.786030  \n",
       "22  1.255535    0.000000  0.803157  \n",
       "8   1.287588    0.000000  0.874449  \n",
       "6   0.859687    0.000000  0.903084  \n",
       "7   0.710441    0.000000  0.898626  \n",
       "2   0.710441    0.000000  0.898626  \n",
       "16  0.831941    0.000000  0.900161  \n",
       "5   0.707897    0.000000  0.893681  \n",
       "18  0.685918    0.000000  0.866256  \n",
       "10  0.507335    0.000000  0.722157  \n",
       "25  0.528888    0.000000  0.901499  \n",
       "3   0.435906    0.000000  0.707366  \n",
       "15  0.637125    0.000000  0.639470  \n",
       "24  0.117657    0.000000  0.898490  \n",
       "0   0.068977    0.000000  0.776699  \n",
       "11  0.128404    0.000000  0.793549  \n",
       "4   0.234158    0.000000  0.621706  \n",
       "9   0.023099    0.642926  0.501198  "
      ]
     },
     "execution_count": 20,
     "metadata": {},
     "output_type": "execute_result"
    }
   ],
   "source": [
    "sep_df.sort_values('DBI')"
   ]
  },
  {
   "cell_type": "code",
   "execution_count": 21,
   "metadata": {},
   "outputs": [
    {
     "data": {
      "text/html": [
       "<div>\n",
       "<style scoped>\n",
       "    .dataframe tbody tr th:only-of-type {\n",
       "        vertical-align: middle;\n",
       "    }\n",
       "\n",
       "    .dataframe tbody tr th {\n",
       "        vertical-align: top;\n",
       "    }\n",
       "\n",
       "    .dataframe thead th {\n",
       "        text-align: right;\n",
       "    }\n",
       "</style>\n",
       "<table border=\"1\" class=\"dataframe\">\n",
       "  <thead>\n",
       "    <tr style=\"text-align: right;\">\n",
       "      <th></th>\n",
       "      <th>Feature</th>\n",
       "      <th>DBI</th>\n",
       "      <th>Correlation r</th>\n",
       "      <th>T-test p</th>\n",
       "      <th>Cohens d</th>\n",
       "      <th>MWU-test p</th>\n",
       "      <th>AUC</th>\n",
       "    </tr>\n",
       "  </thead>\n",
       "  <tbody>\n",
       "    <tr>\n",
       "      <th>21</th>\n",
       "      <td>PowerSpectralSum</td>\n",
       "      <td>0.576321</td>\n",
       "      <td>-0.661210</td>\n",
       "      <td>0.000000e+00</td>\n",
       "      <td>2.263070</td>\n",
       "      <td>0.000000</td>\n",
       "      <td>0.921700</td>\n",
       "    </tr>\n",
       "    <tr>\n",
       "      <th>12</th>\n",
       "      <td>PermutationEntropy</td>\n",
       "      <td>0.734115</td>\n",
       "      <td>-0.612314</td>\n",
       "      <td>0.000000e+00</td>\n",
       "      <td>1.988589</td>\n",
       "      <td>0.000000</td>\n",
       "      <td>0.916372</td>\n",
       "    </tr>\n",
       "    <tr>\n",
       "      <th>20</th>\n",
       "      <td>DominantFrequencyValue</td>\n",
       "      <td>0.580382</td>\n",
       "      <td>-0.580590</td>\n",
       "      <td>0.000000e+00</td>\n",
       "      <td>1.830949</td>\n",
       "      <td>0.000000</td>\n",
       "      <td>0.897360</td>\n",
       "    </tr>\n",
       "    <tr>\n",
       "      <th>17</th>\n",
       "      <td>DimensionlessJerk</td>\n",
       "      <td>0.608611</td>\n",
       "      <td>-0.570703</td>\n",
       "      <td>0.000000e+00</td>\n",
       "      <td>1.784512</td>\n",
       "      <td>0.000000</td>\n",
       "      <td>0.900161</td>\n",
       "    </tr>\n",
       "    <tr>\n",
       "      <th>23</th>\n",
       "      <td>SpectralEntropy</td>\n",
       "      <td>0.795675</td>\n",
       "      <td>0.560333</td>\n",
       "      <td>0.000000e+00</td>\n",
       "      <td>1.737047</td>\n",
       "      <td>0.000000</td>\n",
       "      <td>0.881460</td>\n",
       "    </tr>\n",
       "    <tr>\n",
       "      <th>1</th>\n",
       "      <td>MeanCrossRate</td>\n",
       "      <td>0.768326</td>\n",
       "      <td>-0.528784</td>\n",
       "      <td>0.000000e+00</td>\n",
       "      <td>1.599672</td>\n",
       "      <td>0.000000</td>\n",
       "      <td>0.899688</td>\n",
       "    </tr>\n",
       "    <tr>\n",
       "      <th>13</th>\n",
       "      <td>ComplexityInvariantDistance</td>\n",
       "      <td>0.940949</td>\n",
       "      <td>-0.488800</td>\n",
       "      <td>0.000000e+00</td>\n",
       "      <td>1.438644</td>\n",
       "      <td>0.000000</td>\n",
       "      <td>0.874255</td>\n",
       "    </tr>\n",
       "    <tr>\n",
       "      <th>8</th>\n",
       "      <td>Autocorrelation</td>\n",
       "      <td>1.100473</td>\n",
       "      <td>0.448261</td>\n",
       "      <td>0.000000e+00</td>\n",
       "      <td>1.287588</td>\n",
       "      <td>0.000000</td>\n",
       "      <td>0.874449</td>\n",
       "    </tr>\n",
       "    <tr>\n",
       "      <th>22</th>\n",
       "      <td>SpectralFlatness</td>\n",
       "      <td>0.993416</td>\n",
       "      <td>0.439278</td>\n",
       "      <td>0.000000e+00</td>\n",
       "      <td>1.255535</td>\n",
       "      <td>0.000000</td>\n",
       "      <td>0.803157</td>\n",
       "    </tr>\n",
       "    <tr>\n",
       "      <th>19</th>\n",
       "      <td>DominantFrequency</td>\n",
       "      <td>0.753355</td>\n",
       "      <td>0.397789</td>\n",
       "      <td>0.000000e+00</td>\n",
       "      <td>1.113252</td>\n",
       "      <td>0.000000</td>\n",
       "      <td>0.745626</td>\n",
       "    </tr>\n",
       "    <tr>\n",
       "      <th>14</th>\n",
       "      <td>RangeCountPercentage</td>\n",
       "      <td>0.987232</td>\n",
       "      <td>0.368835</td>\n",
       "      <td>0.000000e+00</td>\n",
       "      <td>1.018874</td>\n",
       "      <td>0.000000</td>\n",
       "      <td>0.786030</td>\n",
       "    </tr>\n",
       "    <tr>\n",
       "      <th>6</th>\n",
       "      <td>IQR</td>\n",
       "      <td>1.176929</td>\n",
       "      <td>0.317492</td>\n",
       "      <td>0.000000e+00</td>\n",
       "      <td>0.859687</td>\n",
       "      <td>0.000000</td>\n",
       "      <td>0.903084</td>\n",
       "    </tr>\n",
       "    <tr>\n",
       "      <th>16</th>\n",
       "      <td>JerkMetric</td>\n",
       "      <td>1.269824</td>\n",
       "      <td>0.308233</td>\n",
       "      <td>0.000000e+00</td>\n",
       "      <td>0.831941</td>\n",
       "      <td>0.000000</td>\n",
       "      <td>0.900161</td>\n",
       "    </tr>\n",
       "    <tr>\n",
       "      <th>7</th>\n",
       "      <td>RMS</td>\n",
       "      <td>1.211330</td>\n",
       "      <td>0.266670</td>\n",
       "      <td>0.000000e+00</td>\n",
       "      <td>0.710441</td>\n",
       "      <td>0.000000</td>\n",
       "      <td>0.898626</td>\n",
       "    </tr>\n",
       "    <tr>\n",
       "      <th>2</th>\n",
       "      <td>StdDev</td>\n",
       "      <td>1.211330</td>\n",
       "      <td>0.266670</td>\n",
       "      <td>0.000000e+00</td>\n",
       "      <td>0.710441</td>\n",
       "      <td>0.000000</td>\n",
       "      <td>0.898626</td>\n",
       "    </tr>\n",
       "    <tr>\n",
       "      <th>5</th>\n",
       "      <td>Range</td>\n",
       "      <td>1.286084</td>\n",
       "      <td>0.265782</td>\n",
       "      <td>0.000000e+00</td>\n",
       "      <td>0.707897</td>\n",
       "      <td>0.000000</td>\n",
       "      <td>0.893681</td>\n",
       "    </tr>\n",
       "    <tr>\n",
       "      <th>18</th>\n",
       "      <td>SPARC</td>\n",
       "      <td>1.474317</td>\n",
       "      <td>-0.258088</td>\n",
       "      <td>0.000000e+00</td>\n",
       "      <td>0.685918</td>\n",
       "      <td>0.000000</td>\n",
       "      <td>0.866256</td>\n",
       "    </tr>\n",
       "    <tr>\n",
       "      <th>15</th>\n",
       "      <td>RatioBeyondRSigma</td>\n",
       "      <td>4.009592</td>\n",
       "      <td>-0.240832</td>\n",
       "      <td>0.000000e+00</td>\n",
       "      <td>0.637125</td>\n",
       "      <td>0.000000</td>\n",
       "      <td>0.639470</td>\n",
       "    </tr>\n",
       "    <tr>\n",
       "      <th>25</th>\n",
       "      <td>DetailPowerRatio</td>\n",
       "      <td>2.353642</td>\n",
       "      <td>0.201746</td>\n",
       "      <td>0.000000e+00</td>\n",
       "      <td>0.528888</td>\n",
       "      <td>0.000000</td>\n",
       "      <td>0.901499</td>\n",
       "    </tr>\n",
       "    <tr>\n",
       "      <th>10</th>\n",
       "      <td>SignalEntropy</td>\n",
       "      <td>1.649660</td>\n",
       "      <td>-0.193839</td>\n",
       "      <td>0.000000e+00</td>\n",
       "      <td>0.507335</td>\n",
       "      <td>0.000000</td>\n",
       "      <td>0.722157</td>\n",
       "    </tr>\n",
       "    <tr>\n",
       "      <th>3</th>\n",
       "      <td>Skewness</td>\n",
       "      <td>3.132754</td>\n",
       "      <td>0.167374</td>\n",
       "      <td>0.000000e+00</td>\n",
       "      <td>0.435906</td>\n",
       "      <td>0.000000</td>\n",
       "      <td>0.707366</td>\n",
       "    </tr>\n",
       "    <tr>\n",
       "      <th>4</th>\n",
       "      <td>Kurtosis</td>\n",
       "      <td>31.837557</td>\n",
       "      <td>-0.090819</td>\n",
       "      <td>2.892315e-150</td>\n",
       "      <td>0.234158</td>\n",
       "      <td>0.000000</td>\n",
       "      <td>0.621706</td>\n",
       "    </tr>\n",
       "    <tr>\n",
       "      <th>11</th>\n",
       "      <td>SampleEntropy</td>\n",
       "      <td>5.852258</td>\n",
       "      <td>0.049946</td>\n",
       "      <td>1.268785e-46</td>\n",
       "      <td>0.128404</td>\n",
       "      <td>0.000000</td>\n",
       "      <td>0.793549</td>\n",
       "    </tr>\n",
       "    <tr>\n",
       "      <th>24</th>\n",
       "      <td>DetailPower</td>\n",
       "      <td>4.942013</td>\n",
       "      <td>0.045775</td>\n",
       "      <td>1.963653e-39</td>\n",
       "      <td>0.117657</td>\n",
       "      <td>0.000000</td>\n",
       "      <td>0.898490</td>\n",
       "    </tr>\n",
       "    <tr>\n",
       "      <th>0</th>\n",
       "      <td>Mean</td>\n",
       "      <td>4.991426</td>\n",
       "      <td>0.026854</td>\n",
       "      <td>1.302348e-14</td>\n",
       "      <td>0.068977</td>\n",
       "      <td>0.000000</td>\n",
       "      <td>0.776699</td>\n",
       "    </tr>\n",
       "    <tr>\n",
       "      <th>9</th>\n",
       "      <td>LinearSlope</td>\n",
       "      <td>991.709380</td>\n",
       "      <td>0.008996</td>\n",
       "      <td>9.854283e-03</td>\n",
       "      <td>0.023099</td>\n",
       "      <td>0.642926</td>\n",
       "      <td>0.501198</td>\n",
       "    </tr>\n",
       "  </tbody>\n",
       "</table>\n",
       "</div>"
      ],
      "text/plain": [
       "                        Feature         DBI  Correlation r       T-test p  \\\n",
       "21             PowerSpectralSum    0.576321      -0.661210   0.000000e+00   \n",
       "12           PermutationEntropy    0.734115      -0.612314   0.000000e+00   \n",
       "20       DominantFrequencyValue    0.580382      -0.580590   0.000000e+00   \n",
       "17            DimensionlessJerk    0.608611      -0.570703   0.000000e+00   \n",
       "23              SpectralEntropy    0.795675       0.560333   0.000000e+00   \n",
       "1                 MeanCrossRate    0.768326      -0.528784   0.000000e+00   \n",
       "13  ComplexityInvariantDistance    0.940949      -0.488800   0.000000e+00   \n",
       "8               Autocorrelation    1.100473       0.448261   0.000000e+00   \n",
       "22             SpectralFlatness    0.993416       0.439278   0.000000e+00   \n",
       "19            DominantFrequency    0.753355       0.397789   0.000000e+00   \n",
       "14         RangeCountPercentage    0.987232       0.368835   0.000000e+00   \n",
       "6                           IQR    1.176929       0.317492   0.000000e+00   \n",
       "16                   JerkMetric    1.269824       0.308233   0.000000e+00   \n",
       "7                           RMS    1.211330       0.266670   0.000000e+00   \n",
       "2                        StdDev    1.211330       0.266670   0.000000e+00   \n",
       "5                         Range    1.286084       0.265782   0.000000e+00   \n",
       "18                        SPARC    1.474317      -0.258088   0.000000e+00   \n",
       "15            RatioBeyondRSigma    4.009592      -0.240832   0.000000e+00   \n",
       "25             DetailPowerRatio    2.353642       0.201746   0.000000e+00   \n",
       "10                SignalEntropy    1.649660      -0.193839   0.000000e+00   \n",
       "3                      Skewness    3.132754       0.167374   0.000000e+00   \n",
       "4                      Kurtosis   31.837557      -0.090819  2.892315e-150   \n",
       "11                SampleEntropy    5.852258       0.049946   1.268785e-46   \n",
       "24                  DetailPower    4.942013       0.045775   1.963653e-39   \n",
       "0                          Mean    4.991426       0.026854   1.302348e-14   \n",
       "9                   LinearSlope  991.709380       0.008996   9.854283e-03   \n",
       "\n",
       "    Cohens d  MWU-test p       AUC  \n",
       "21  2.263070    0.000000  0.921700  \n",
       "12  1.988589    0.000000  0.916372  \n",
       "20  1.830949    0.000000  0.897360  \n",
       "17  1.784512    0.000000  0.900161  \n",
       "23  1.737047    0.000000  0.881460  \n",
       "1   1.599672    0.000000  0.899688  \n",
       "13  1.438644    0.000000  0.874255  \n",
       "8   1.287588    0.000000  0.874449  \n",
       "22  1.255535    0.000000  0.803157  \n",
       "19  1.113252    0.000000  0.745626  \n",
       "14  1.018874    0.000000  0.786030  \n",
       "6   0.859687    0.000000  0.903084  \n",
       "16  0.831941    0.000000  0.900161  \n",
       "7   0.710441    0.000000  0.898626  \n",
       "2   0.710441    0.000000  0.898626  \n",
       "5   0.707897    0.000000  0.893681  \n",
       "18  0.685918    0.000000  0.866256  \n",
       "15  0.637125    0.000000  0.639470  \n",
       "25  0.528888    0.000000  0.901499  \n",
       "10  0.507335    0.000000  0.722157  \n",
       "3   0.435906    0.000000  0.707366  \n",
       "4   0.234158    0.000000  0.621706  \n",
       "11  0.128404    0.000000  0.793549  \n",
       "24  0.117657    0.000000  0.898490  \n",
       "0   0.068977    0.000000  0.776699  \n",
       "9   0.023099    0.642926  0.501198  "
      ]
     },
     "execution_count": 21,
     "metadata": {},
     "output_type": "execute_result"
    }
   ],
   "source": [
    "sep_df.sort_values('Cohens d', ascending=False)"
   ]
  },
  {
   "cell_type": "code",
   "execution_count": 22,
   "metadata": {},
   "outputs": [
    {
     "data": {
      "text/html": [
       "<div>\n",
       "<style scoped>\n",
       "    .dataframe tbody tr th:only-of-type {\n",
       "        vertical-align: middle;\n",
       "    }\n",
       "\n",
       "    .dataframe tbody tr th {\n",
       "        vertical-align: top;\n",
       "    }\n",
       "\n",
       "    .dataframe thead th {\n",
       "        text-align: right;\n",
       "    }\n",
       "</style>\n",
       "<table border=\"1\" class=\"dataframe\">\n",
       "  <thead>\n",
       "    <tr style=\"text-align: right;\">\n",
       "      <th></th>\n",
       "      <th>Feature</th>\n",
       "      <th>DBI</th>\n",
       "      <th>Correlation r</th>\n",
       "      <th>T-test p</th>\n",
       "      <th>Cohens d</th>\n",
       "      <th>MWU-test p</th>\n",
       "      <th>AUC</th>\n",
       "    </tr>\n",
       "  </thead>\n",
       "  <tbody>\n",
       "    <tr>\n",
       "      <th>21</th>\n",
       "      <td>PowerSpectralSum</td>\n",
       "      <td>0.576321</td>\n",
       "      <td>-0.661210</td>\n",
       "      <td>0.000000e+00</td>\n",
       "      <td>2.263070</td>\n",
       "      <td>0.000000</td>\n",
       "      <td>0.921700</td>\n",
       "    </tr>\n",
       "    <tr>\n",
       "      <th>12</th>\n",
       "      <td>PermutationEntropy</td>\n",
       "      <td>0.734115</td>\n",
       "      <td>-0.612314</td>\n",
       "      <td>0.000000e+00</td>\n",
       "      <td>1.988589</td>\n",
       "      <td>0.000000</td>\n",
       "      <td>0.916372</td>\n",
       "    </tr>\n",
       "    <tr>\n",
       "      <th>6</th>\n",
       "      <td>IQR</td>\n",
       "      <td>1.176929</td>\n",
       "      <td>0.317492</td>\n",
       "      <td>0.000000e+00</td>\n",
       "      <td>0.859687</td>\n",
       "      <td>0.000000</td>\n",
       "      <td>0.903084</td>\n",
       "    </tr>\n",
       "    <tr>\n",
       "      <th>25</th>\n",
       "      <td>DetailPowerRatio</td>\n",
       "      <td>2.353642</td>\n",
       "      <td>0.201746</td>\n",
       "      <td>0.000000e+00</td>\n",
       "      <td>0.528888</td>\n",
       "      <td>0.000000</td>\n",
       "      <td>0.901499</td>\n",
       "    </tr>\n",
       "    <tr>\n",
       "      <th>16</th>\n",
       "      <td>JerkMetric</td>\n",
       "      <td>1.269824</td>\n",
       "      <td>0.308233</td>\n",
       "      <td>0.000000e+00</td>\n",
       "      <td>0.831941</td>\n",
       "      <td>0.000000</td>\n",
       "      <td>0.900161</td>\n",
